50166
50152
50046
50132
50078
50198
50008
50076
50210
50170
50246
50220
50242
50000
50184
50002
50072
50136
50200
50060
50026
50174
50106
50090
50134
50034
50066
50096
50142
50010
50168
50032
50040
50238
50124
50116
50218
50164
50182
50222
50102
50048
50082
50158
50206
50236
50064
50186
50140
50070
50120
50126
50160
50180
50084
50088
50092
50036
50228
50022
50050
50068
50234
50081
50141
50089
50051
50143
50047
50073
50145
50215
50059
50113
50029
50111
50053
50091
50009
50095
50125
50173
50191
50211
50107
50039
50023
50193
50213
50207
50087
50225
50069
50129
50135
50099
50003
50153
50249
50189
50031
50163
50209
50055
50119
50017
50123
50067
50245
50229
50025
50187
50205
50103
50011
50183
50157
50169
50057
50227
50185
50077
50071
50101
50083
50117
50450
50364
50300
50474
50476
50496
50270
50456
50372
50340
50378
50266
50490
50348
50256
50288
50316
50254
50426
50458
50408
50272
50290
50370
50482
50462
50298
50396
50278
50366
50500
50306
50362
50466
50368
50302
50358
50274
50258
50502
50350
50416
50480
50280
50268
50352
50344
50452
50262
50376
50312
50424
50314
50342
50444
50484
50330
50328
50428
50276
50354
50460
50394
50265
50333
50449
50471
50399
50439
50331
50423
50329
50467
50463
50479
50311
50349
50355
50367
50293
50255
50489
50499
50263
50319
50283
50323
50301
50361
50419
50281
50305
50401
50425
50461
50429
50327
50351
50441
50413
50383
50473
50275
50501
50437
50495
50309
50295
50381
50387
50317
50395
50315
50325
50269
50369
50403
50393
50447
50405
50397
50415
50337
50417
50321
50253
50580
50586
50630
50544
50648
50608
50512
50632
50606
50570
50688
50524
50514
50664
50576
50682
50646
50554
50582
50680
50534
50610
50594
50684
50592
50690
50698
50658
50638
50678
50556
50616
50650
50694
50572
50686
50590
50634
50578
50692
50584
50546
50548
50674
50628
50526
50528
50520
50538
50644
50543
50603
50525
50655
50539
50645
50599
50615
50689
50521
50659
50611
50685
50571
50701
50691
50601
50575
50693
50631
50609
50547
50567
50573
50527
50519
50553
50545
50595
50531
50703
50635
50555
50509
50673
50641
50589
50607
50613
50549
50647
50633
50585
50593
50643
50605
50697
50513
50639
50577
50838
50896
50976
51084
51116
50866
50770
51122
51090
51112
51016
51054
51028
50970
50728
51014
51086
50916
50950
50948
50932
51080
50736
51060
50898
51176
50734
51188
50912
50886
50846
50708
51012
50784
50744
50986
50920
51172
50766
51134
50918
50716
51096
51092
50900
50720
50988
50902
51004
50994
51106
50718
50800
50760
50814
51066
50922
50704
51062
51144
50754
51132
51150
50926
50722
50790
50956
50944
50962
51186
50842
51178
50794
50906
50726
50870
50764
50740
51018
51042
50792
51044
50828
50826
50930
50856
50834
50818
50910
51098
50778
50802
51046
50998
51156
51184
50756
50880
50872
50850
51030
51020
51070
51034
51190
51050
50806
51160
50724
51136
50990
51110
50782
51142
50952
50862
50812
50924
50824
50738
50978
50992
51129
50767
50823
51041
51157
50985
50927
51031
50779
50991
50913
51185
51087
50941
50859
50841
50861
50789
51189
51059
50709
51105
51137
51015
51095
50929
51007
50949
50999
51111
51083
50959
50851
50721
50761
51145
51135
51147
50911
51005
50865
50875
51009
50919
51065
51033
51163
51085
51141
50869
51067
51131
51139
50957
51043
51073
50973
51051
51097
50979
51173
50961
50755
50863
51053
50903
50735
50715
50733
51019
50983
50885
50723
50791
51027
50917
50819
50747
51069
51055
50827
50953
51161
51091
51149
50777
50891
51075
51035
50975
50993
50849
50945
50737
50809
51021
50995
50967
50969
50931
50781
50785
50847
50773
50765
50711
51093
51191
51057
51151
51171
51061
51079
50817
51153
50935
50905
50821
50843
50793
50857
50907
51524
51738
51536
51588
51678
51708
51666
51202
51534
51194
51508
51564
51394
51232
51444
51376
51538
51234
51360
51654
51410
51696
51514
51670
51200
51328
51254
51354
51286
51212
51402
51414
51466
51276
51298
51364
51736
51440
51486
51260
51262
51214
51246
51618
51488
51206
51498
51404
51648
51282
51556
51532
51558
51602
51698
51296
51220
51742
51310
51636
51750
51590
51722
51408
51338
51540
51430
51612
51714
51426
51272
51688
51608
51530
51570
51326
51314
51400
51336
51216
51758
51378
51434
51704
51664
51544
51462
51450
51606
51244
51470
51236
51454
51294
51242
51626
51560
51660
51304
51676
51306
51706
51584
51690
51398
51428
51616
51580
51674
51418
51496
51638
51436
51356
51490
51292
51694
51198
51388
51268
51270
51192
51620
51598
51760
51554
51228
51290
51250
51264
51604
51746
51562
51472
51258
51476
51624
51526
51650
51302
51274
51480
51218
51763
51235
51419
51557
51663
51515
51571
51295
51309
51447
51695
51583
51765
51687
51423
51323
51627
51569
51331
51493
51733
51197
51553
51227
51239
51511
51249
51245
51361
51629
51499
51585
51527
51531
51345
51211
51607
51437
51401
51573
51471
51623
51465
51273
51435
51621
51213
51739
51467
51209
51217
51561
51327
51501
51541
51481
51283
51483
51329
51567
51665
51203
51611
51503
51647
51333
51703
51453
51513
51719
51265
51625
51645
51761
51359
51589
51759
51743
51601
51543
51699
51243
51639
51381
51263
51725
51671
51375
51301
51201
51459
51651
51193
51517
51451
51205
51487
51587
51519
51605
51413
51593
51363
51297
51595
51723
51533
51321
51307
51661
51641
51709
51445
51341
51565
51631
51705
51199
51669
51271
51485
51675
51367
51489
51233
51563
51369
51497
51287
51365
51729
51417
51277
51649
51257
51247
51685
51427
51215
51407
51449
51383
51347
51207
51806
52034
51770
51810
52076
52048
52080
51832
52016
51986
52042
51864
51898
52082
52092
51880
52094
52056
51922
51872
51904
52044
51936
51918
52010
51774
51960
51786
51928
51830
52086
51768
52066
51994
51778
51814
52104
51948
51852
51998
52024
51788
51916
51940
51978
51772
51920
52064
52058
51780
51984
51900
51974
51826
51888
51820
51874
51926
52012
52020
51910
51850
52018
51902
52036
51798
51990
51804
51930
51848
51894
51934
51792
51794
51812
51996
52096
51828
51860
51866
51842
51992
52028
51970
51882
51787
51859
51947
52007
51949
52045
52105
52075
51925
51767
51943
52047
51817
51905
51807
51963
51825
51901
52001
51945
51827
51851
51933
51789
51959
52017
51897
51909
51965
52055
51995
51809
52063
51797
52037
51953
51861
52059
52077
51805
51777
51835
51845
52101
51961
51795
51773
51985
51973
52061
51857
52097
52093
51969
52087
52027
51833
51785
52103
51899
51869
51917
51863
51875
51987
51799
52041
51929
51873
51997
51955
51783
51907
51919
51971
51881
52069
51939
51823
52005
51819
51865
51951
52029
51979
52402
52348
52298
52400
52326
52342
52134
52432
52362
52124
52304
52394
52424
52376
52296
52318
52216
52340
52246
52438
52242
52302
52410
52196
52158
52428
52286
52188
52320
52106
52436
52334
52354
52284
52230
52292
52378
52192
52404
52190
52270
52288
52440
52210
52208
52234
52444
52248
52416
52114
52232
52116
52412
52324
52140
52182
52218
52122
52332
52152
52278
52336
52350
52180
52282
52254
52398
52108
52328
52386
52142
52198
52168
52442
52258
52148
52112
52184
52144
52150
52156
52256
52406
52128
52162
52207
52419
52351
52341
52359
52137
52343
52353
52317
52409
52135
52349
52209
52231
52119
52197
52421
52181
52267
52323
52373
52241
52165
52295
52331
52333
52217
52195
52111
52151
52213
52329
52123
52375
52221
52315
52107
52303
52399
52271
52287
52435
52273
52177
52225
52183
52365
52397
52319
52239
52307
52277
52335
52223
52189
52347
52441
52401
52243
52367
52313
52415
52109
52361
52139
52149
52145
52293
52155
52291
52371
52117
52383
52369
52247
52431
52191
52171
52391
52113
52255
52423
52257
52429
52253
52472
52464
52476
52622
52552
52532
52488
52462
52482
52566
52522
52598
52620
52510
52638
52558
52536
52496
52542
52452
52540
52478
52594
52446
52608
52518
52486
52492
52562
52468
52564
52498
52586
52494
52520
52596
52624
52544
52636
52574
52572
52512
52580
52634
52578
52450
52460
52590
52465
52623
52523
52605
52625
52555
52539
52467
52531
52485
52549
52461
52505
52637
52627
52561
52481
52559
52499
52527
52591
52621
52599
52479
52541
52459
52529
52515
52581
52639
52447
52521
52633
52593
52509
52487
52451
52631
52547
52495
52517
52571
52553
52503
52519
52577
52589
52569
52583
52944
52768
52688
52898
52672
53014
52682
52720
52938
52940
52906
52866
53036
52984
52914
52732
52700
52894
52858
52960
52904
52868
52772
52850
52800
52698
52952
52852
52872
52652
52736
52884
52814
52680
52996
52774
52716
52990
52820
52962
52660
52932
52818
52950
52694
52750
52784
52708
52838
52650
52808
52964
52678
52816
52786
52676
52692
52666
52704
52758
52834
53022
52778
52918
52954
52942
52974
52728
52702
52912
52782
52770
52876
53016
52908
52882
52916
52752
52970
52804
52744
52870
52972
52992
53024
52712
53002
52856
52674
52762
52740
52862
52718
52896
52738
52860
53028
52826
52730
53025
52691
52665
52935
52777
52873
52993
52763
52919
52677
52849
52651
52831
52843
52813
52929
52783
52815
52925
52821
53007
53031
52779
52885
52923
53005
53033
52775
52805
52685
52991
52701
52687
52859
52983
52709
52715
52793
52663
52729
53001
52723
52741
52659
52921
52961
53027
52851
52861
52809
52973
52927
53009
52997
52987
52943
52895
52679
52971
53023
52947
52963
53011
53003
53035
52845
52847
53017
52871
52941
52969
52829
52807
52817
52893
52675
52739
52995
52719
52853
52869
52819
52681
52641
52725
53019
52743
52833
52889
52787
52863
52765
52959
52705
52835
52767
52803
52791
52733
52841
53178
53086
53090
53128
53064
53398
53150
53286
53204
53160
53226
53198
53368
53162
53120
53334
53112
53098
53280
53258
53088
53052
53424
53216
53328
53384
53420
53362
53050
53190
53358
53108
53314
53146
53412
53166
53246
53256
53282
53418
53324
53378
53202
53218
53248
53044
53114
53228
53066
53312
53220
53274
53156
53214
53330
53302
53374
53394
53320
53252
53426
53386
53352
53402
53210
53336
53056
53208
53070
53192
53236
53188
53232
53164
53092
53306
53234
53372
53322
53082
53238
53344
53170
53038
53250
53222
53206
53124
53168
53332
53142
53148
53364
53276
53230
53084
53388
53072
53104
53145
53311
53303
53405
53087
53207
53097
53233
53191
53249
53039
53181
53407
53387
53285
53323
53211
53229
53239
53255
53195
53227
53261
53279
53067
53427
53069
53253
53299
53143
53343
53185
53411
53247
53129
53167
53135
53113
53213
53315
53193
53329
53319
53119
53111
53059
53173
53221
53401
53155
53263
53281
53363
53385
53123
53391
53419
53423
53347
53065
53355
53309
53051
53373
53359
53225
53349
53257
53171
53085
53287
53047
53435
53089
53199
53267
53157
53321
53331
53409
53177
53395
53075
53307
53341
53379
53127
53337
53375
53245
53197
53377
53209
53217
53259
53353
53313
53381
53371
53367
53440
53554
53566
53498
53482
53460
53556
53486
53506
53496
53578
53512
53510
53568
53562
53560
53548
53540
53470
53452
53550
53530
53546
53502
53494
53504
53454
53544
53462
53444
53534
53558
53508
53536
53450
53580
53472
53473
53585
53511
53507
53463
53467
53521
53457
53475
53529
53531
53461
53477
53567
53445
53509
53559
53553
53501
53455
53449
53569
53535
53565
53513
53495
53491
53471
53573
53479
53483
53505
53581
53515
53555
53541
53557
53465
53636
53596
53682
53620
53702
53710
53704
53714
53726
53594
53708
53646
53672
53774
53746
53634
53616
53586
53740
53624
53666
53720
53608
53664
53604
53686
53768
53744
53784
53632
53652
53618
53738
53602
53590
53658
53736
53716
53640
53612
53648
53598
53670
53748
53730
53718
53754
53644
53606
53750
53687
53699
53689
53731
53653
53691
53759
53635
53725
53737
53677
53751
53765
53617
53761
53625
53665
53663
53661
53721
53707
53609
53599
53659
53623
53595
53641
53771
53601
53763
53733
53755
53667
53675
53683
53713
53697
53629
53695
53739
53603
53719
53611
53627
53631
53693
53681
53647
53757
53745
53832
53982
53930
54000
53962
54062
53946
53892
53848
53824
53950
54094
53798
53976
54086
53860
53822
53912
53894
54036
53938
54078
53808
54014
53910
53920
53980
53836
54044
53792
54002
53978
54024
53994
54068
54092
54004
54064
54026
53934
53954
53858
53804
53964
54034
53992
53952
53842
53906
54046
54030
54088
53814
53998
54006
53942
53990
54050
53852
53790
53884
53806
54020
53896
53984
54052
53820
53898
54096
54056
53948
53818
53972
53916
53800
53786
53986
53988
54041
53963
53993
53849
54047
53853
53869
54057
53933
53945
54061
54055
53905
54091
53865
53961
53953
53965
54019
54095
53861
53979
54029
54017
53997
54021
53819
53899
53981
54011
53881
54067
53863
53821
54009
54001
54025
53803
53867
54053
54097
53879
53949
53789
53983
53927
53925
53995
53871
54035
54027
54043
53889
53911
53843
54099
54093
53801
54065
53795
54015
54037
54045
53855
53919
53971
53813
53917
54071
53977
53941
53969
53895
53999
53847
53823
53935
53987
53883
54342
54298
54196
54284
54216
54392
54144
54108
54200
54402
54242
54404
54280
54270
54252
54376
54210
54186
54208
54226
54334
54180
54324
54304
54282
54384
54184
54356
54410
54136
54310
54274
54396
54122
54348
54264
54322
54250
54332
54256
54154
54100
54286
54288
54212
54248
54142
54236
54112
54202
54362
54170
54166
54188
54164
54366
54156
54240
54246
54118
54238
54132
54330
54276
54358
54162
54390
54378
54406
54176
54102
54230
54340
54368
54114
54140
54290
54110
54179
54117
54209
54105
54197
54155
54321
54133
54127
54323
54277
54171
54263
54145
54177
54205
54315
54159
54383
54373
54237
54331
54269
54161
54109
54169
54325
54139
54387
54221
54241
54385
54265
54189
54143
54351
54347
54213
54413
54403
54135
54319
54113
54405
54355
54287
54407
54363
54279
54239
54165
54183
54181
54297
54381
54233
54309
54271
54283
54365
54211
54303
54167
54267
54191
54131
54379
54343
54273
54151
54337
54193
54253
54327
54335
54261
54121
54225
54185
54594
54438
54432
54526
54458
54492
54434
54480
54436
54500
54466
54540
54416
54610
54498
54460
54444
54514
54464
54588
54430
54422
54572
54536
54508
54504
54476
54424
54604
54598
54584
54450
54586
54486
54524
54516
54426
54428
54606
54576
54558
54542
54490
54602
54468
54612
54506
54592
54472
54614
54560
54443
54421
54609
54557
54561
54607
54495
54441
54427
54489
54569
54617
54515
54601
54603
54577
54545
54459
54479
54477
54587
54449
54593
54541
54553
54445
54543
54493
54425
54437
54611
54453
54455
54567
54615
54469
54491
54433
54539
54605
54447
54597
54571
54551
54415
54531
54475
54483
54527
54423
54471
54726
54644
54672
54618
54698
54730
54718
54654
54716
54754
54750
54626
54708
54720
54634
54722
54702
54676
54696
54734
54692
54638
54656
54758
54694
54724
54744
54690
54652
54728
54760
54746
54632
54646
54748
54630
54727
54669
54665
54753
54723
54661
54633
54675
54699
54629
54749
54747
54721
54751
54719
54649
54737
54755
54681
54677
54693
54637
54619
54729
54739
54757
54713
54735
54621
54745
54659
54671
54695
54691
54627
54685
54822
54966
54804
54916
55008
54790
54892
54830
54906
54928
54944
54848
54938
54858
54888
54800
54808
54896
54934
54870
55018
54846
54978
54812
54764
55024
54844
55012
54856
54914
54900
54792
54936
54910
55036
54794
54838
55006
54962
54776
55040
54926
54954
54958
54924
55004
54798
54860
54964
54872
54904
54836
54994
55026
54918
54960
55014
55042
54996
55046
54878
54952
54786
54940
55016
54868
54766
54974
54898
54834
54880
54873
54941
54771
54823
54809
54825
54975
55023
54981
54835
54785
54943
54773
54779
54847
54837
55015
54833
54911
54933
54865
54811
54971
54857
55019
54973
54945
54845
54983
54905
54955
54813
54987
54969
54827
54787
55047
55043
55029
54851
54861
54993
54967
54989
54815
54781
54949
54935
54965
54961
54869
54959
54791
55027
54921
54789
54879
54947
54877
54839
54899
55003
55007
54803
54881
54939
55045
54855
54937
54829
54997
54991
55286
55170
55182
55112
55110
55076
55262
55274
55166
55134
55224
55048
55158
55222
55180
55240
55102
55132
55288
55270
55210
55184
55066
55130
55264
55244
55320
55122
55322
55214
55060
55090
55148
55192
55330
55050
55120
55302
55074
55326
55124
55260
55054
55246
55204
55308
55126
55174
55144
55092
55108
55196
55086
55152
55312
55096
55218
55116
55078
55198
55294
55266
55282
55268
55298
55276
55084
55062
55138
55114
55140
55273
55217
55137
55259
55239
55159
55057
55183
55179
55065
55257
55229
55331
55201
55245
55067
55055
55317
55329
55103
55123
55111
55281
55097
55285
55235
55157
55063
55147
55155
55279
55167
55107
55275
55087
55143
55195
55251
55191
55237
55263
55289
55319
55149
55073
55095
55243
55301
55161
55269
55145
55069
55205
55085
55327
55283
55141
55165
55101
55227
55219
55081
55075
55325
55287
55135
55303
55241
55133
55051
55255
55113
55342
55546
55422
55354
55364
55358
55336
55432
55530
55484
55480
55502
55566
55436
55366
55382
55482
55472
55488
55456
55418
55486
55444
55420
55430
55428
55384
55532
55412
55552
55344
55356
55352
55334
55368
55404
55406
55550
55496
55350
55398
55542
55518
55458
55378
55514
55508
55520
55568
55544
55536
55450
55466
55426
55500
55462
55392
55570
55556
55503
55491
55411
55457
55421
55465
55433
55395
55553
55561
55403
55507
55481
55551
55377
55511
55517
55545
55431
55363
55495
55361
55401
55529
55483
55477
55531
55567
55379
55519
55479
55463
55371
55349
55455
55543
55343
55521
55565
55541
55525
55381
55485
55393
55509
55339
55569
55555
55435
55537
55549
55427
55385
55417
55429
55459
55439
55383
55571
55413
55744
55646
55684
55644
55596
55746
55714
55636
55632
55592
55600
55654
55702
55738
55582
55648
55586
55610
55614
55620
55720
55588
55730
55752
55670
55694
55642
55606
55732
55652
55766
55742
55678
55680
55604
55686
55630
55690
55748
55662
55760
55638
55740
55598
55716
55696
55650
55576
55676
55726
55737
55697
55661
55705
55721
55699
55635
55679
55725
55749
55713
55717
55645
55619
55687
55613
55727
55575
55597
55609
55627
55649
55753
55629
55579
55669
55681
55675
55611
55761
55695
55683
55573
55673
55745
55757
55651
55577
55633
55641
55605
55665
55743
55709
55617
55639
55739
55707
55621
55723
55828
55826
55802
55778
55788
55774
55806
55816
55810
55772
55776
55782
55780
55798
55820
55784
55807
55775
55813
55795
55797
55783
55825
55789
55827
55777
55817
55811
55809
55779
55833
55821
55781
55870
55866
55854
55900
55884
55848
55888
55862
55902
55858
55850
55880
55872
55852
55898
55882
55901
55873
55859
55865
55853
55891
55839
55881
55845
55869
55867
55895
55855
55871
55877
55889
55861
56038
55992
55952
56002
55958
56004
56052
56020
56006
55962
55960
56090
55948
56034
55990
56100
56022
56070
56024
56086
56060
56054
55912
55910
55938
56064
56018
56008
55914
56094
55984
56102
56044
55904
55974
56088
56066
55978
55972
56046
56098
56016
55968
56056
56096
55988
55916
55954
56084
56076
55905
55929
56101
55957
55909
55989
56027
55959
56031
56073
56067
56083
55995
55941
56077
56015
55991
56019
56049
56033
55953
56029
55975
56091
56057
56085
56037
56045
56039
56069
56089
56021
55973
55923
56093
55997
55971
55913
55981
56065
56007
56005
56061
55961
56025
56063
56087
56097
56009
55983
56282
56116
56276
56162
56270
56254
56128
56220
56262
56144
56136
56124
56298
56250
56160
56268
56260
56176
56288
56214
56294
56212
56142
56240
56222
56188
56208
56204
56170
56166
56114
56196
56244
56156
56130
56216
56174
56182
56192
56112
56302
56126
56264
56180
56292
56238
56106
56120
56198
56266
56125
56113
56303
56145
56151
56153
56135
56195
56241
56183
56271
56265
56219
56283
56239
56277
56137
56193
56259
56129
56213
56299
56185
56115
56139
56199
56287
56171
56161
56141
56235
56123
56117
56181
56159
56297
56237
56143
56201
56147
56207
56205
56173
56163
56197
56111
56229
56107
56105
56301
56342
56420
56440
56340
56376
56322
56338
56444
56364
56320
56392
56426
56428
56326
56414
56354
56304
56374
56422
56348
56352
56394
56398
56404
56360
56318
56380
56308
56356
56410
56350
56368
56418
56402
56346
56344
56401
56447
56313
56431
56389
56379
56405
56311
56385
56345
56409
56391
56413
56357
56341
56325
56425
56359
56419
56427
56421
56349
56333
56307
56403
56329
56361
56321
56371
56365
56441
56423
56387
56337
56407
56319
56514
56474
56512
56536
56462
56570
56552
56540
56458
56520
56518
56504
56486
56506
56538
56464
56586
56582
56572
56498
56494
56560
56564
56542
56484
56574
56510
56480
56490
56568
56456
56476
56468
56472
56508
56460
56487
56497
56535
56565
56509
56531
56587
56549
56581
56501
56529
56521
56577
56475
56585
56493
56459
56505
56451
56541
56455
56555
56511
56513
56477
56559
56537
56483
56527
56507
56465
56569
56539
56543
56519
56491
56756
56656
56796
56730
56618
56628
56714
56700
56680
56698
56774
56632
56792
56660
56746
56716
56622
56674
56724
56606
56702
56596
56682
56776
56644
56788
56744
56676
56642
56786
56694
56670
56742
56636
56780
56772
56684
56764
56720
56696
56692
56686
56654
56594
56646
56754
56710
56650
56778
56784
56672
56638
56779
56597
56777
56685
56715
56749
56713
56735
56709
56665
56785
56747
56623
56663
56739
56659
56699
56701
56773
56635
56619
56657
56741
56725
56763
56729
56637
56675
56711
56651
56683
56791
56745
56767
56669
56707
56605
56765
56633
56661
56649
56733
56607
56695
56781
56687
56703
56691
56723
56615
56783
56799
56771
56960
56834
56936
56804
56944
56920
56890
56938
56994
56862
56858
56826
56928
56886
56840
57014
56992
56932
56924
56810
56812
56806
56828
57008
56940
56842
57010
56838
56820
56902
56884
56958
57000
56966
56870
56954
56808
56974
56976
56972
56998
56918
56852
56824
56904
56964
56900
56814
56948
56898
56990
56942
56856
56941
56839
56905
56869
56825
56815
56883
56805
56809
56927
56967
56919
56821
56975
56863
56915
56937
56961
56999
56945
56857
57011
56951
56855
57015
56957
56877
56833
56949
56985
56991
56811
56861
56913
56835
56987
56807
56847
56901
56879
56881
56923
56867
56837
56929
56875
56843
56955
56889
56895
56971
56859
56829
56899
57054
57586
57074
57464
57102
57532
57384
57520
57312
57226
57086
57334
57282
57168
57258
57184
57252
57498
57380
57218
57410
57440
57566
57568
57300
57148
57356
57558
57246
57286
57020
57496
57442
57174
57036
57192
57230
57302
57204
57172
57030
57450
57510
57156
57024
57474
57128
57022
57066
57542
57116
57166
57378
57254
57248
57280
57338
57436
57408
57374
57112
57420
57348
57274
57472
57270
57094
57276
57088
57078
57336
57208
57200
57562
57478
57294
57296
57600
57050
57398
57512
57144
57278
57352
57304
57580
57268
57454
57470
57462
57114
57260
57194
57554
57292
57044
57376
57506
57034
57370
57332
57314
57422
57456
57080
57038
57590
57518
57396
57316
57358
57328
57188
57108
57394
57122
57330
57560
57400
57244
57432
57534
57504
57130
57524
57536
57306
57372
57264
57416
57220
57490
57076
57176
57484
57486
57058
57134
57552
57476
57494
57118
57406
57528
57390
57502
57092
57290
57327
57359
57237
57487
57381
57385
57247
57413
57295
57485
57549
57121
57091
57475
57179
57353
57115
57301
57151
57603
57097
57573
57333
57427
57589
57093
57063
57105
57149
57117
57439
57187
57345
57553
57221
57375
57431
57095
57163
57293
57453
57541
57459
57243
57389
57263
57371
57547
57423
57377
57481
57535
57057
57435
57031
57185
57251
57231
57343
57457
57421
57145
57337
57017
57429
57437
57195
57069
57173
57507
57253
57527
57267
57255
57039
57311
57287
57341
57601
57155
57071
57235
57563
57021
57581
57579
57403
57275
57357
57495
57467
57521
57497
57183
57053
57051
57037
57207
57269
57209
57369
57367
57289
57393
57577
57027
57041
57201
57559
57387
57225
57363
57157
57503
57143
57285
57089
57101
57087
57397
57135
57571
57483
57479
57585
57307
57461
57583
57425
57499
57239
57139
57593
57509
57123
57079
57513
57365
57175
57455
57261
57543
57153
57469
57029
57599
57033
57241
58296
57894
58246
57738
57694
58722
58186
57806
58404
58524
58166
58316
57858
58440
58668
58310
57672
57868
58646
57688
57884
58416
58330
57744
57730
58220
58406
57910
57630
58566
58334
57830
58478
58096
58206
58638
58414
58288
58648
58006
58704
58040
58398
57766
57940
58532
58694
58232
58100
58494
58462
58066
57772
58146
57842
57646
57614
58124
58374
58266
58084
58156
58752
58434
57710
58386
58760
58784
57844
57700
58518
58178
57872
57988
58060
58290
58570
58180
58304
58720
58812
57618
58660
57810
58248
58562
58074
57956
58352
58188
58438
58544
58530
58020
58168
58140
58806
57662
58466
58450
58082
58424
58366
58536
57764
58814
58362
58554
58738
58144
57880
58528
57788
58056
58394
57954
58560
58776
57874
58280
58014
58810
58502
58486
57616
58354
58078
58284
58574
57984
57930
58452
58108
57914
58658
57656
58278
58114
57770
58182
57760
58616
58338
58358
57870
58680
58222
57698
57696
58236
58600
58780
57816
58480
58126
57926
58656
57734
58468
58588
57904
58550
58036
57886
58608
58402
58654
58094
58410
57950
58510
57888
57682
57970
58010
58030
57854
57724
57862
57804
57702
57798
58460
57640
58176
57846
58086
58558
58470
58028
57708
58504
58520
58262
58134
58376
57622
58688
57938
58484
58038
58514
58624
58324
58500
58270
58052
57650
58308
58090
57746
57838
58120
57666
58556
58080
57728
57856
58708
57992
58538
58602
57928
58628
57664
58230
58046
57638
58622
57908
58390
57900
57690
58348
58408
58194
58534
57820
57840
58792
57668
57792
58794
57898
58442
58674
58678
58516
57848
58482
58214
58634
58360
58730
58458
57948
58724
58142
58802
57924
57654
57726
58170
58476
57826
58250
58716
58498
58770
57750
57678
58584
57802
58122
58378
57912
58590
58454
58032
58382
57778
57634
58042
58172
58700
58388
58148
57824
58768
58396
57934
58746
57994
58808
58024
58198
58714
57624
58606
58742
58718
58754
58465
58595
58369
58347
57763
58449
57719
57953
57805
57699
58051
58327
58033
57797
58031
58127
58159
58619
58005
58053
58567
58727
58721
58015
58737
57647
58181
58109
58557
58079
57627
57899
58401
58695
58629
58261
58103
58741
58367
58731
58187
58603
57691
58813
57993
57639
58283
58633
57827
57951
57759
58657
58073
58597
58247
58263
58455
57819
58143
57793
57799
58725
58717
57769
58403
57891
58413
58803
57801
58297
58491
57625
58617
58667
58501
58795
58467
58331
57621
58515
57739
58807
58171
58517
58145
57909
58453
58299
58751
58447
57811
58301
58115
58233
58471
58359
57955
58671
58035
58099
58439
58701
58077
58175
57679
58549
57839
57677
58547
57613
57675
58095
57923
58641
58459
58375
57969
57971
58483
57765
57611
58177
57877
57983
58409
58615
58791
58199
58493
58221
58121
58027
58029
57789
57669
58489
58315
57991
58237
58363
58219
57791
58507
58689
58311
57905
58385
58131
57735
58407
58519
58191
58215
57803
57893
58423
57947
57667
58593
58257
58111
58683
57943
58477
58361
58693
58663
58197
57671
58481
57727
57939
57641
58719
58325
58373
58811
58379
57655
57723
57941
57617
58777
57975
58753
58425
57733
58499
57645
57857
58605
58551
58113
57917
58309
57711
58733
57987
57761
58589
58317
58697
58293
57743
58387
58433
57643
58041
58399
58583
58739
58815
57729
58023
57745
57981
57901
57963
58391
58251
58025
58123
57781
57657
58573
58163
58227
57965
58779
58461
57823
58699
58017
57663
57681
58089
58505
58665
58775
57869
58543
58355
58585
58599
57881
58155
58003
58613
58621
57841
57895
57721
58161
58021
58091
57973
58335
57929
57821
58685
58661
58771
58139
57835
57779
57959
57889
58057
58037
57629
58415
58417
58055
58645
58149
58339
57777
58389
57849
58213
58393
57653
58371
58735
58357
58713
58313
58255
57935
57957
57989
58397
57977
57689
58743
58747
58765
57865
58541
58345
58441
58705
59074
59162
59230
59282
59308
59292
58892
59128
58966
59152
59038
59012
58990
59358
59278
59350
59136
59222
58830
59158
59002
58896
59208
58982
59072
59354
59250
59260
59022
58932
59270
58876
58948
59016
58916
59144
59014
59206
58872
59056
59116
59106
59376
59048
59348
58840
59302
59286
59132
59216
59070
59378
58940
59392
58820
59212
58894
59180
58920
59356
58848
58868
58918
59000
59186
58878
58968
58910
58858
58908
59288
59258
59160
58850
58862
59220
58842
59046
58846
59264
59226
58914
59238
59006
59366
58992
59298
59394
59196
59304
58854
58884
59102
59312
59402
59150
58828
59320
59342
59386
59138
59294
58980
59018
59078
59248
59406
58838
59218
59134
59400
58928
59310
59370
59166
58954
58924
59086
58880
59164
59362
59146
59224
59268
58922
59388
58860
58962
58930
59256
59140
58958
58898
59096
58936
58934
59280
59316
59228
59284
59344
59190
59324
59026
59276
58964
59104
59050
59133
59327
58845
59185
58979
59371
58889
59139
58893
59097
58833
59067
59005
59145
58871
58847
59215
59323
59245
59103
59147
59345
59387
59171
58923
59019
59309
59175
59117
58907
58939
59179
59201
58823
59125
59211
58857
59033
58935
59375
59021
59227
59315
58931
58999
59359
59027
59195
59399
59299
59391
59247
58869
59191
59243
59223
59407
58839
59055
58925
58901
59307
59059
58937
59233
58975
58953
59379
59047
59377
59157
59393
58875
59095
59249
58973
59297
58963
59143
59253
59213
59161
58949
59251
58991
59225
58915
59035
59395
59283
59389
59279
59355
59135
58879
59069
59235
59325
59373
59347
58903
58877
58989
59051
58965
58817
58947
59151
59403
59239
59397
59313
59231
59085
59267
59263
58831
58887
59329
59111
59167
58855
59071
58835
59183
59043
58921
59099
59083
58837
59115
59065
58867
59017
59015
58909
58865
58891
59273
58873
59141
59287
58987
59197
58959
59209
58825
59123
59428
59936
60042
59644
60228
60222
59694
60168
60144
60490
60380
59568
59626
60052
60510
59838
60308
59416
60456
60152
59858
60190
60472
60260
59974
60534
59774
59642
60198
60424
60592
60062
59948
59436
60182
59718
59910
59988
59654
59572
59656
59748
59764
59508
59716
60520
60100
60072
60096
60498
59798
59724
60300
59736
59714
59964
59588
60574
59484
60174
59478
60248
60594
59556
59550
60094
59728
59962
60268
59664
60206
59688
59570
60458
59976
60450
59776
60532
60120
60236
60306
60176
60462
60284
59454
59676
60024
60378
59738
60002
60082
59922
59954
59778
59610
59836
60108
60512
59908
60278
59492
60188
59996
59994
60548
60546
59528
59628
59876
60614
60428
59754
59916
59896
60106
59526
60280
60404
60000
60230
59884
60318
59666
60020
59438
60140
59972
59940
60044
59698
60364
60124
60396
60434
60518
59958
60048
59426
59978
59608
60122
59874
59782
60554
60204
60102
59822
60330
60354
59670
59634
60494
60166
59690
59932
60110
60372
59766
60214
60056
60098
60012
59942
59984
59720
60192
59794
60444
60376
60322
60150
59856
59862
59802
60080
60032
60486
59928
60350
59592
60418
59612
60572
59500
59486
59514
59946
60310
59860
59790
59600
59998
59706
60274
59534
60146
59852
59458
60362
60452
60426
60550
59672
59872
60008
60542
59432
59532
59952
60394
59504
59564
59792
59990
60238
60162
59472
59828
59696
59446
59668
60492
60398
60536
59844
60128
59832
59452
59674
60314
59814
60608
59692
59930
60530
60194
59562
59420
60086
60414
59894
60454
59440
60564
59552
60116
60250
60356
60118
60576
59560
60410
60210
59848
60516
59448
60440
59752
60384
60224
60368
60484
59596
59702
59462
60084
60558
59490
59804
60286
59468
59816
60010
60474
59934
60338
59960
59546
59906
59476
60332
59662
59632
59566
60134
60366
60220
60460
59842
59788
60172
60502
60406
59520
60200
60180
60504
59734
60170
60588
60602
60232
59691
59469
59669
60031
59739
60115
59531
60451
59555
60275
59701
59933
59703
60327
60347
59579
60545
60499
60233
59631
60071
59483
59493
59815
60107
60483
59465
59801
60093
59851
60269
60249
60295
60217
59661
59627
59985
60041
60319
60519
60225
60253
59847
60003
59569
59587
59573
59831
60169
59559
59581
60085
59745
60305
60039
59959
59987
60283
60527
59653
59503
60159
60581
60405
59601
60321
59727
60407
59685
59711
59881
59729
60583
59715
60573
60287
59861
60247
60455
60397
60185
59979
60351
60389
59603
59609
60261
59789
60105
60211
59533
59593
59621
60359
60529
59911
59793
60345
59941
60461
60309
59705
59583
59709
60539
59885
60447
60437
60571
59455
60053
60333
60505
59761
59575
59883
59541
59869
59931
59849
60503
59599
59797
59921
59659
59687
59713
60343
59977
59719
59981
60361
60005
59409
59843
60035
60201
60045
60001
59421
60403
59937
60487
60149
59565
60311
59993
60161
59917
60065
60033
59517
59929
60213
59999
60533
59983
59819
60165
60517
59973
60277
60395
60103
60297
60511
60473
60127
59635
59447
60381
60073
60425
60239
59887
59951
59487
60133
59825
59891
59751
59441
60415
60541
59855
60061
59651
60349
59925
60007
60063
60369
60329
60353
60379
60291
60055
60079
60561
59915
59549
59597
59589
60611
60589
60111
59749
60323
60089
59513
59899
59791
60015
60549
59461
59967
60163
60083
60363
59677
59501
60417
60245
59697
59655
59877
60279
59699
59777
60285
60141
59957
60421
60365
59799
60569
60255
60167
59731
59723
60565
60207
59435
59753
60241
60459
59439
60463
60139
60025
59415
59537
60613
59429
60227
59437
60077
59813
60119
59907
59969
60183
59617
60567
59695
60609
59743
59757
60559
59859
60547
59909
59473
60553
59643
59445
59785
59551
60143
60601
60531
60535
60577
59525
59467
60607
60125
60435
60481
60281
59759
59497
59625
59423
60427
59817
60377
60591
59773
60205
59787
60051
60816
60888
61324
61198
61290
60696
61096
61026
61430
60910
61566
60628
61020
61224
60968
61164
61342
60790
61380
61700
61798
61046
61100
60956
61142
61614
61230
60692
61644
60838
61268
60978
60868
60618
61730
61550
61618
60708
60882
60836
60960
61196
60724
60966
61576
61282
61422
61500
61702
61522
61464
61626
61650
61530
60714
61424
61776
61774
61080
61016
60798
61678
61084
61738
60864
61582
61518
61406
60848
60702
61042
61496
60670
60638
61086
61554
61492
60786
60662
60826
61154
61104
61362
61512
60866
61238
60640
61722
61456
61140
60704
61214
61106
61744
61036
61714
60954
60722
60710
61472
61310
60940
61460
61664
60812
61436
60934
61540
61548
60800
61440
61528
60806
60822
60936
61766
60874
60770
61300
60688
61796
61452
60908
61480
61366
61240
61538
61404
61400
61182
61750
61262
61640
60634
60802
61316
60932
61390
61094
61172
61656
61408
61666
60950
61642
61148
60856
61676
60734
61734
61248
60870
61418
61466
60830
60984
61048
60906
60862
60918
61428
60824
60676
61476
60850
61384
61510
61732
60840
61006
61504
61690
61320
60928
61088
60930
60974
61754
61790
60820
60884
61236
61524
60788
61284
61346
60686
61448
61622
61058
61632
61212
61134
61634
60814
61772
61286
61778
60964
60794
61132
61076
61126
61014
61532
61024
61280
61222
60886
61470
60730
60914
61152
61206
60948
61336
60894
61740
61270
61190
60620
61704
61376
61060
61266
61102
60624
61516
60622
61054
61710
61588
61446
60992
61658
61590
61784
60720
61292
61638
61630
61150
60994
60962
61604
61258
61520
60780
61332
61564
61204
61304
60818
61780
60904
61264
61736
61068
61458
60938
61022
60854
61334
60920
61226
61218
61072
61706
61296
60878
61210
61636
61144
61662
61052
61136
61360
61244
61124
61580
61108
61192
61032
61556
61726
61364
60880
61396
61344
61250
61490
61302
61308
61600
61274
61598
61601
61795
60643
60641
61615
60893
61003
61139
60991
61433
61635
60631
61477
61027
61773
61297
61185
60649
61441
61197
61047
60955
60753
61483
61455
61167
61343
61191
61555
60695
61453
61589
60959
61063
60993
60861
60737
61695
60647
61331
60685
60925
60951
61783
61667
60847
60681
61479
61725
60851
61353
60781
61641
60799
61513
61345
60669
61329
61161
61113
61711
61115
61055
61253
61301
61715
60637
60873
61189
61673
61087
61065
60633
61147
60755
60819
61007
60645
60745
61347
60891
61057
61753
61213
61761
60897
61365
60911
61629
61097
60787
61143
60881
61275
61085
61539
61551
61505
61325
61307
60909
60783
60943
60845
61215
61467
61529
61587
61733
61371
60807
61757
61103
61413
61471
61659
61649
61235
60693
61273
61509
60629
60989
60759
61269
61205
61031
60617
60823
61117
61153
61653
61435
60941
61691
61547
61349
61797
61549
61639
61091
61195
60901
60983
60671
60721
61717
61769
61305
61311
61061
60761
61011
61071
61177
61495
60657
61561
61781
61173
60975
61295
61437
60995
60635
61079
61431
61073
60899
61321
61359
61525
61535
61697
61429
60797
60661
60937
61089
61475
61723
61279
61281
61699
61217
61125
61489
60765
61751
60705
60825
61465
61383
61685
61755
60697
61245
61647
60855
61689
60773
61211
60973
60863
61581
60921
61033
61531
60813
61039
61333
61193
60779
61289
60747
61339
61447
61541
61579
61719
61457
61743
61335
61645
61075
60731
61361
61013
61357
60709
61341
61577
61163
61135
61421
61021
61239
61617
61683
60875
61151
60739
61247
61053
60785
61791
60653
61291
60625
61603
61681
61023
60751
61713
61051
60663
61299
61427
61731
61171
60789
60931
61221
60749
61449
61565
61417
61303
60859
61081
61409
60913
61141
61219
60803
61573
60715
61293
61771
61401
60827
61133
60915
61397
61533
60987
61363
61385
60857
61169
60769
61619
60867
61009
60905
61049
63150
62184
61818
62460
62696
63176
62350
63304
62316
61826
62828
63310
62346
62594
62646
61834
62624
63070
63080
62506
62326
62466
63012
62522
62134
62174
62202
62640
61876
61972
61874
61990
62852
62722
62936
62916
62748
63312
62208
62994
62930
62780
63062
62228
62542
63340
62296
61800
62440
62436
63102
62048
63294
62038
62394
63190
62788
62034
62100
62276
62418
61868
61848
61954
63328
63138
62006
62698
62040
63206
62414
63268
62308
63234
62760
62154
63002
62954
63112
62104
62078
63222
62996
62222
62840
62444
62132
62344
61978
63132
62042
62218
63006
63048
62494
62590
63058
62674
62536
62380
61968
63322
63184
61904
62190
62770
62152
62334
62098
62658
63346
62416
62448
63318
62992
62284
62670
63210
62602
63292
62138
62338
63090
62534
62638
61912
62488
62320
62776
62516
63272
63240
62774
63228
61918
63232
62122
62176
63000
63114
62096
61866
62342
63334
62608
62878
62248
63092
62684
62582
62822
63034
61808
61964
62572
62474
61934
62500
62952
62432
62628
62838
61886
62924
62478
63202
62558
62484
63276
63224
62052
62708
61920
61932
63248
62368
62942
62530
63200
63262
62286
63072
62818
62470
62898
62268
62502
63164
62544
63264
62266
62476
62070
62430
62874
62188
63188
63320
61846
62214
62872
63238
62370
62504
62010
62650
63324
61938
63028
61836
63036
63078
62310
62630
62332
62706
62438
63344
62302
62730
62236
63144
62690
62446
62014
62160
63142
62084
62082
63182
63316
62812
62018
62508
62482
63242
63308
62526
61974
62598
61898
62008
62386
62642
63332
62088
61844
63286
62150
62940
61870
62192
62860
62206
62932
62226
62556
62560
62136
62130
62734
62750
62016
62586
62968
62062
62922
62736
63016
62442
62584
61910
62090
62376
62580
63306
62716
62672
62972
62298
62032
62348
62422
62452
62074
63044
62786
62964
61992
62704
61812
61902
63198
62412
62496
63178
63196
62384
62434
62220
62732
62128
63326
62274
61916
63098
61988
62514
61884
62662
61862
62926
62830
62562
62204
62000
62712
61976
62294
61970
62596
62112
63088
62772
61962
61944
62918
62900
62024
61900
62044
62768
61854
62764
62158
62390
63040
62094
62408
63146
63302
63068
61830
62378
62604
62946
62804
62068
62758
63284
62540
62252
62306
62026
62108
62844
62180
62518
62802
62450
62244
61994
62846
62724
61986
62200
62020
62870
63280
62246
62538
62902
62512
62912
63260
62472
61858
63278
62894
62816
63152
63160
62620
61856
62288
62938
62374
62177
62855
62349
62111
62337
63267
63295
61853
62219
62569
62541
62269
62845
61871
62895
62429
62683
63109
63047
62573
62501
62513
62605
62037
62749
62591
63111
62537
62651
62437
63169
62497
63171
61861
62943
62049
62993
63311
61913
63261
61821
63087
62331
62211
62677
62633
63333
62317
62707
61893
61909
62055
62483
62499
62321
63113
62515
62361
63103
62773
62807
61985
62889
62397
61941
62343
62837
62759
62099
63077
61801
62519
62441
62795
61895
62149
62097
61923
62473
63219
62253
62805
63343
62215
62091
62335
62297
63167
62217
62769
63009
62445
62155
63269
62517
62459
62725
62241
62727
62475
62619
63251
62523
62455
62551
63293
61965
62585
61919
62793
61983
62883
63233
62897
62937
62629
62813
63017
62713
62263
62567
63181
62755
62291
62057
63231
62847
62685
62279
62525
62613
62367
63229
63155
62427
62051
63337
63193
63223
62019
62665
62247
61849
63071
62471
63203
62079
62861
63235
62917
62089
62027
62963
62709
62267
62927
62737
62207
62223
63331
62829
62275
62301
61931
62739
62789
62531
62639
62729
62911
62323
62529
62109
62609
62859
62949
61979
62161
63309
63207
62893
61827
63315
62261
63277
63003
62999
62185
61891
63303
63045
61899
62061
63237
62401
62935
61999
62171
63205
62743
63279
61847
62879
62965
62561
62425
62527
63105
62393
62959
61957
61807
62977
62257
63143
62017
63217
63201
62971
61933
62691
62643
63339
62221
63215
62823
63031
62579
62313
62101
61977
62947
63099
62205
63313
63107
62243
62451
62237
62689
62811
62875
62915
62975
62391
62123
62693
62249
61809
62175
62283
63287
62069
62545
62981
62359
61879
63305
62535
61935
63319
61937
62423
61995
62009
62909
62289
62395
62985
62673
63139
62951
62403
63275
61997
63239
62903
61875
62299
62197
62339
62571
63041
63189
62775
63005
61921
62991
62647
61903
62011
62583
63259
62695
63197
63291
62781
63029
62305
62657
63195
62901
62327
63085
62179
61971
62239
61841
62319
61819
62505
62173
62295
62157
62753
63249
61877
62731
63115
62493
63095
63347
61915
62385
62931
62357
63213
63073
61955
62645
62167
61843
62833
63117
63091
63209
62399
62705
62929
63241
62281
62921
62791
62741
62083
62589
62543
62141
62159
61989
62129
62925
62085
62235
62063
62715
62723
62115
62001
62075
62763
62627
63089
61961
62043
63051
61925
62093
62213
63023
63335
62309
62081
63119
62967
62803
62147
63265
62137
62351
62503
62491
62245
62521
63317
62621
62761
65656
66840
64358
64632
66248
64692
65094
66644
66950
65474
64454
66550
66852
65556
65276
65312
66652
66636
64152
65876
64282
65712
64436
64186
65878
64980
65452
65330
64976
66638
65868
65794
65236
63658
66782
65788
64082
64378
63384
64550
65016
64734
64136
66704
65962
64064
63998
66554
66526
63936
66416
64822
65728
66098
66184
63828
67030
65148
64134
66104
66262
67018
63600
65726
65610
64614
66056
64974
65846
63868
66272
65558
65740
66958
64682
64430
65334
64456
65092
66504
65956
66546
63918
66848
67026
65666
64452
64446
65174
63496
63774
66486
63896
65020
65268
65244
65780
65882
64224
63452
65212
64802
63972
64130
65250
65070
66200
63956
64262
66456
65014
63534
64518
63704
66660
63486
65776
64010
64366
65826
66044
66730
65950
66002
64368
65182
65290
66306
65136
65766
66512
66856
66936
66996
65400
66216
63588
64118
67014
64968
63422
63696
64738
65080
65056
65566
65172
63880
66106
64828
65278
65338
63522
65852
63464
65098
64686
66798
65072
63740
66838
64014
66360
66064
64164
64544
64404
65130
65214
65404
64714
63686
66998
66880
66452
64156
66180
64500
63834
64202
66310
65010
65784
63672
65254
65686
63634
66130
63892
64960
65304
66348
66968
65116
65272
65420
63758
65316
64966
64628
66400
63524
63708
66246
66532
64128
63354
65914
64582
64050
66010
64098
65228
66864
66618
66904
66298
65394
65286
64602
63830
63352
66252
65382
65700
64352
66278
63850
66150
66092
66542
65644
63962
65592
65940
64512
63372
64422
65492
64726
65082
66172
65416
64384
66508
64172
64252
64006
64228
64210
66362
66720
64916
64238
64948
63400
66814
65714
66336
63550
64394
66722
64678
65118
64850
65192
65716
63480
66762
63376
65052
64254
63858
63718
65300
63388
66918
65240
65138
64146
65614
65796
64440
65806
66826
66724
64814
66240
66876
65838
65320
63766
66482
65156
65184
64432
64742
64490
65564
65298
63902
66752
65030
66242
63946
66394
65830
66164
63446
64658
64646
64654
65444
65158
66292
66382
66850
65066
65008
64978
66916
66834
66380
65550
65284
64648
64636
65990
64586
63414
63508
63470
65582
66792
64302
64618
66970
64932
65376
65684
63976
63874
63922
64880
65916
65140
65168
66702
63726
65388
66938
64248
63812
64458
66990
63710
66530
65292
66090
63668
63648
64760
63702
63768
66072
66266
65860
66436
64772
64058
64818
66186
65076
64450
65026
63370
63860
65958
63958
64242
63778
66318
66490
66418
63520
66568
66156
64994
64306
63804
65622
65616
65654
64018
63916
66662
65918
65620
65968
66234
66230
65454
66888
63914
66198
66062
63642
66146
64532
63924
65000
66914
65678
65922
65512
65924
64546
66930
65786
66866
63558
65930
65518
64324
64316
63980
63474
66232
64998
66268
65222
66650
63886
65594
65998
66520
65472
65854
63876
65934
65754
64250
65688
66628
66576
66472
64606
64068
65768
63582
64572
65580
65680
67020
65554
64526
65470
64330
64730
63742
65692
65342
64160
66946
65842
66624
66404
64114
66692
67034
64910
63744
63698
63968
65628
64866
66322
65190
63572
63996
64488
65128
66012
66338
65150
63448
65510
65506
65996
66332
64170
63926
65418
63652
65372
63440
65598
64856
65086
65458
66536
63630
66160
66728
66326
64902
65642
65042
65872
66564
66488
64662
66454
64322
63484
65446
63952
63906
65670
65486
66320
64842
63816
66374
66432
66000
64434
66328
66096
64724
63888
66046
66694
66740
63548
64204
64548
66738
64142
66540
63500
64464
64672
64388
64328
64334
66922
63794
65144
63680
64592
63450
64016
64832
63366
66402
63700
66458
66896
63538
65798
64684
66040
65202
64408
65294
64704
65494
66308
64564
64834
63920
66236
65938
64622
65252
64706
64206
64934
64278
63506
64784
65778
65946
66612
66558
65100
64594
66984
63878
64004
65064
64284
64220
65820
66732
66438
66066
65552
66760
64908
64676
65256
64414
65540
64038
66028
65114
65366
65532
64494
63852
65920
64780
64626
63360
66588
64442
64400
66316
64194
63760
66560
66750
63890
66324
64062
65752
65504
66224
66608
66022
66682
64584
64498
66552
64624
63818
64108
65402
63408
66442
63386
65274
65432
66754
66924
66860
65636
66168
63822
63554
66788
67010
64492
63784
64124
66748
66094
63462
63576
64412
66356
64808
65436
65350
66952
65414
66932
64024
64188
64666
66214
64664
65790
64670
64468
65932
65694
63944
63530
66140
66166
66806
66666
66330
66524
66434
65584
66974
64200
65690
63970
64138
64792
65976
65664
63574
63362
65032
64380
63374
64716
64290
66804
63806
66480
65364
64336
64954
65546
65748
65696
63990
67006
65756
67028
64034
65606
64996
66790
65246
65084
66446
65322
66570
63426
66746
65164
64936
66964
63428
66642
64374
65534
64036
66900
65344
66824
64878
64690
65912
65282
66448
66506
65954
64110
64924
66758
66082
63814
65180
64876
66088
64478
63380
66648
66366
66764
65992
63504
65706
63870
66716
64650
66474
66674
66934
65440
66036
64342
63796
66018
65476
66954
63808
63598
65966
66898
63694
65720
64990
64008
65384
64460
66100
64530
64912
63568
63472
66820
65046
64346
67012
65816
67008
64104
65438
65910
65232
66744
65936
65496
65352
66388
65178
66830
66238
64312
64746
66070
64946
63780
66424
63960
65110
64496
65994
65960
66034
63540
66774
65898
64040
66994
63714
65604
65036
65730
63692
64080
65828
65380
65774
65880
65588
65398
64600
66430
66686
66154
63564
65442
66926
65022
65516
63992
65764
65090
64894
65742
63746
65708
66450
65216
63378
65978
65122
64860
66024
65648
65078
66586
66908
66844
65710
66086
64900
66020
66038
66384
66882
65482
63632
64092
66802
64012
66076
65468
65448
64708
64288
65378
66862
63724
63364
66634
65892
63966
64370
64528
66102
65802
66808
66358
64718
66712
65368
64888
64096
64638
65886
64240
66574
66522
65522
66026
63616
66698
66778
64846
64088
66120
63636
65972
64794
66274
65736
66944
64222
63950
64800
63456
66459
63407
63977
63503
65323
65969
63903
64055
65377
65553
64843
65033
66193
66957
66757
64449
65043
65399
64521
64547
65405
64263
64673
64381
64147
63781
66317
63717
64715
64075
64391
63375
64551
66927
63923
67001
65019
66737
66521
64917
63869
66275
66943
66143
65297
66033
66987
66879
63431
66067
65939
65535
65799
65689
65651
64831
66237
66999
64215
64529
63669
64851
66543
63567
65109
66573
65911
65465
66093
65467
63359
64825
65473
66849
63873
64459
66007
65607
66919
64659
64257
66795
63799
65455
66315
63723
64103
64063
64245
64781
66825
65707
64011
66181
64473
64467
64285
66183
65203
65017
63653
65871
66417
66405
64631
64585
65153
63847
64599
66031
66553
65705
64611
64025
64595
65779
64861
66437
65637
63641
66499
67035
63691
63985
66611
66249
65093
66379
65279
64855
64105
63389
66259
66753
64331
66911
66725
63365
65211
65979
66153
66293
64249
66709
65611
66015
66763
64579
63651
65453
66131
65847
64041
65957
66215
64513
65169
66563
65289
65315
63517
64827
66673
66001
64701
64625
65549
63711
65185
65303
64897
65589
64779
63487
66817
65643
64839
66579
64283
65463
65569
65615
66607
64947
64409
66989
64457
65255
65265
65601
64921
65239
64221
66149
63613
64299
65417
66455
65217
66761
65661
63495
63937
63987
66141
65287
65267
65695
66913
64089
67027
65951
66735
63633
65023
65559
63943
65415
66267
63369
64021
65193
65451
63813
66599
64339
66065
63479
64387
63573
66301
66449
63765
65667
64455
65379
64279
66621
65645
63815
63401
65507
63917
64081
63827
65733
64857
63715
63963
63991
64531
66407
64691
65817
66713
65815
64001
64295
66439
65837
63915
66021
64571
63353
65325
66447
63533
64479
64813
66877
65633
63471
65317
66945
63391
64485
64377
65925
63811
64155
65501
66823
64761
65275
63895
65247
64601
65441
66239
66463
63821
65073
65531
66377
64229
66863
66051
65715
66391
64977
66313
65149
64933
64491
66859
67025
64359
65897
66773
66445
65885
63433
66909
65191
63857
66559
64811
64153
63453
65013
64865
63469
63897
64863
66071
63727
65419
65067
65753
66349
63515
66211
66011
63585
66591
64989
66399
66501
63771
64539
64307
66053
64679
66341
66691
65337
65795
65199
63783
66357
64301
66321
65905
65301
64581
67011
63621
65855
64605
66369
66655
63843
63889
64661
66061
65803
66419
66213
63739
65519
65299
65571
66933
66411
66109
65625
64621
63953
64505
65049
63995
64273
63965
64163
63489
66801
63689
66085
64877
66473
64819
65731
63951
64545
63563
64343
65609
65459
64575
64549
63451
64433
66403
65397
64167
66847
66105
65663
66383
65141
66047
65445
63819
65849
66723
64357
65581
64633
65365
63719
67021
65617
63377
64615
64927
65585
63703
65889
66799
66567
65757
64645
66815
66529
64039
64747
66589
66103
63699
64405
66197
64093
65311
65307
66705
64125
66429
64303
65947
64205
66995
66187
64655
63637
65555
64731
64929
65949
66983
64417
66525
64937
66431
66819
66091
65057
65273
66805
64941
64583
66457
66803
64953
65475
67033
65261
66751
66347
65537
66273
65605
63579
64907
64107
64137
66565
64945
65995
63437
65035
65681
67003
64281
63659
64501
66833
63795
64185
64219
66277
63521
66931
64023
65959
66415
63753
67029
65649
65135
66663
65277
65207
64663
65843
64109
64169
66469
66235
64085
65251
64465
64461
65085
64891
65933
66139
64979
65373
63491
66633
66205
63879
66613
64923
63665
64557
64723
63393
64657
64533
65387
65205
65155
66715
64799
66309
66225
65045
66689
66171
63773
66615
66127
65641
65495
66839
64029
64741
63941
65291
65101
64171
63463
64157
64859
65839
65189
65985
65891
64123
66797
64017
64321
65965
66077
66649
66123
64765
64713
64997
63969
66055
65577
65923
65811
66289
63597
65227
66961
66699
66967
66617
63405
65845
63989
64985
63807
64483
65981
63849
64743
63603
64525
66203
63647
65587
66133
65505
63887
64821
65351
65679
65447
65675
63707
66917
63803
64707
65893
64589
66665
64305
63747
65483
66605
66851
63607
63845
65437
66991
66101
64883
63513
63805
65789
64503
66107
63397
67031
64773
66195
65381
65243
66003
65713
66855
64287
66485
63757
66295
64555
64737
65219
65407
65785
66367
63905
64755
64961
65041
66329
66975
66331
64635
63481
63861
63419
66475
63575
66229
66769
64201
65813
65881
65125
66651
64895
64597
65883
66747
65521
63785
65053
65213
65429
64423
63673
64233
66005
66491
66413
66345
63885
65129
64847
63561
64255
65347
66841
66629
65791
63759
63967
65107
65941
65401
65899
64745
66925
63445
63557
66173
66871
63891
66519
65411
63993
64641
63569
65647
64667
63981
66657
65083
66623
65545
63351
65599
66201
64441
65245
66185
63945
65517
64407
66837
64421
65117
65659
64963
66843
64795
67007
63675
64195
65917
64183
66677
65177
64077
65759
64371
63693
66895
66179
63609
64807
64845
64639
66151
66503
64909
63571
66337
63745
64143
66261
66257
64763
64099
63631
66027
64879
63677
64955
64313
64593
65269
63357
66291
66721
64987
66827
65793
65171
66017
64919
63841
66019
64367
65309
66299
65433
66671
64901
65221
66547
65461
64719
64993
64787
63539
65333
63483
66513
65539
65115
64771
64165
66969
63979
66631
63695
63355
66531
65819
63973
64721
66923
66745
65551
65873
65503
65971
65783
66189
64179
63829
63555
66387
65197
67023
65929
66951
63611
66739
65165
66857
64051
64541
66585
64643
66977
65271
64729
66117
64289
65409
64413
63367
64709
65201
66247
65395
65339
63971
66191
66121
65497
65133
65841
64311
63379
66079
66479
63591
65393
66517
65955
64587
65131
64253
66603
63957
63801
66477
65993
64567
65807
65063
65869
65355
66075
63493
65967
65385
66809
64223
64871
65089
66885
63763
66569
66245
63671
66781
64777
67005
64323
65241
65603
66643
66111
63999
64651
64267
64637
66227
66509
64849
63511
66035
66371
64893
66311
64559
63459
63457
66395
64815
66397
65489
64535
68658
70344
70164
70814
69938
69398
70134
67802
70214
68784
70442
69668
68378
70824
69940
68074
68702
68966
67818
67490
69510
68086
69594
69280
69228
67760
68156
67494
68892
70376
67064
68334
69534
68644
68050
70954
69066
68956
68780
68824
67068
69916
67718
70240
67702
70410
67916
68538
68696
69184
69076
70712
70296
70282
70088
68600
68342
67676
68270
67846
67590
67404
69538
68368
70708
68674
68996
70174
70494
67060
68428
70498
67600
68630
70022
68258
70154
67602
68022
67866
67834
67674
67278
67410
70424
69464
67568
68514
67086
68590
70072
70460
70830
70292
70578
70136
69298
68126
68058
68158
67552
70696
69352
68730
67982
69966
70826
68240
70656
67166
70082
67746
68346
68976
67672
69354
70552
67156
70036
68990
69156
67176
69112
70514
69878
69482
70894
69708
70368
69658
68408
67346
68034
68700
69386
69934
70030
68024
67486
68054
68792
70822
70014
69590
67694
70582
67102
69454
69384
68836
70380
70796
69690
70776
69004
68834
68746
69082
69110
68568
69210
69230
67384
68862
68178
69882
68840
69468
67108
67838
69048
68372
69808
67692
70336
69424
70200
67396
67734
69862
68418
69908
67762
70132
69958
70080
68176
68322
69820
69648
69218
68360
70432
70288
69480
67368
69344
70112
68540
70020
67864
69832
67810
69242
68206
69414
68778
67922
68576
67500
68718
68170
67266
68726
68276
69350
70492
68082
69068
70932
70936
70162
67698
69000
69564
67714
67990
68660
69072
68404
69838
70724
69050
67874
68244
68708
68950
68930
67290
69276
70338
68652
67162
67530
69188
68654
68154
68190
70302
70510
70270
69186
67556
68292
70526
68548
70370
67408
68224
69270
70676
69798
67920
67464
67478
69964
68922
68612
67984
69818
67442
68556
68536
68550
67638
67182
70392
67960
69088
68382
69016
69078
70760
67336
70504
67216
70570
69784
69842
68618
67438
68884
68646
68800
70520
67124
69456
68046
67358
69992
70952
67514
68770
68466
67800
69802
70316
67328
70434
69826
70806
68106
68942
67904
69616
67898
67900
70854
68422
70530
67646
69132
70690
68496
70028
68010
69448
70304
68180
68222
69998
70730
70056
69782
69906
68574
69910
69056
67516
67244
68458
68754
69970
68120
68880
70382
70782
67894
69232
70360
67094
67190
69250
70362
67976
69666
68008
67466
68900
68166
67210
67306
70512
69058
68238
68084
69750
67776
69362
70110
69848
70680
69134
70480
67138
69972
69942
67858
70210
68686
70038
69828
70062
67120
68002
70314
69416
67214
69638
67572
67226
70016
67842
70598
67492
70524
70120
69252
67540
69646
69100
70772
68112
68838
68278
70032
69198
68194
68924
69142
70074
68906
68692
68296
70574
68752
68742
68896
67708
68184
69664
69220
69676
69492
68432
67222
69506
70208
69990
67298
70502
69868
67238
68498
67198
70158
70176
69094
68680
68028
68174
70280
68632
67220
68016
67308
67618
67252
69436
67972
68476
67748
70084
70768
69490
70356
68964
69146
69684
70206
68866
67282
69698
68672
69364
70668
67750
69426
70900
69896
68494
68936
68874
69248
69732
67264
67420
67386
67088
68552
69596
69984
68044
68610
67256
69806
67488
70850
69526
69944
67902
68048
70312
67934
68228
67752
69730
67468
69484
67236
68970
68220
69302
69194
67816
69102
70554
67948
70294
70232
68766
70604
67304
70880
67642
70146
68530
67128
70622
69328
68850
70896
70930
70536
69932
69532
68348
70840
67740
67460
69772
70548
68722
69290
69176
67942
67146
70862
68290
70320
67716
68598
70298
67230
67042
67940
67736
69120
68688
68104
67936
69322
67392
67194
70116
67768
70686
70172
70406
70812
69630
70532
67294
67360
70118
68318
67958
69852
68470
67658
69012
67348
70184
67634
70396
69858
67860
70750
70928
70682
70572
69488
70666
67684
68594
69370
70138
68534
68250
69372
68060
69136
70404
69054
67652
70490
67724
67878
70060
70254
69310
70198
67758
67924
70562
69542
67324
68186
70234
69742
70252
67890
68204
68948
69462
67738
69512
69724
69052
69800
70596
69540
69390
70778
70450
69030
70648
68958
67852
70334
70758
68888
69760
68282
68356
67536
67824
67534
67376
68298
67988
68582
67978
69062
69358
67836
70640
68806
68370
70122
68682
70728
68872
69450
68564
69728
70446
70710
70742
69182
69794
69466
70922
69396
70160
69036
67302
68340
68542
70886
70350
67822
68802
68026
67130
67104
67526
70890
69962
67186
68414
69496
69734
67636
67678
67950
70264
69516
68132
68078
68622
68452
70630
69378
67462
67402
70440
67228
69844
69600
67080
67850
70946
68000
68744
69300
69440
69410
70256
67880
69108
68102
67100
70472
68816
68518
67268
67458
68860
70422
68636
70926
70470
67542
67862
70342
68928
70238
69850
70374
68960
67158
69752
70286
70934
68492
69326
68216
69498
68308
68064
67820
70674
68136
69154
69168
68252
69576
68716
67112
70848
69268
68786
70050
70924
67180
69222
68232
68910
69618
68160
70800
68782
70786
70816
70626
70836
70222
69608
68828
70324
69106
69324
67754
68852
68314
68260
69408
67242
67756
69650
68772
68820
70612
70586
69258
67622
68006
68124
69434
70632
69284
67372
67952
67110
69308
67814
69226
70716
67160
69140
69042
68320
69578
70508
70874
70326
69726
68616
70322
69706
70790
69044
70126
70568
67122
67980
69380
68426
69038
70732
67258
69348
68738
68142
67616
67356
68090
69478
70560
70436
68316
68196
67350
70858
70018
70948
69936
68070
69854
70478
68248
69144
70892
68994
69980
68004
67454
70230
69776
70704
69716
69318
67206
67962
68352
68748
70306
70128
67774
70694
68236
69640
68728
67580
68036
67340
68506
70590
67076
68750
70868
68430
70610
68606
68920
69418
68014
67320
70688
70698
69586
69548
68096
70358
67668
69046
68664
67178
70300
67432
69340
69392
70190
67998
68560
70566
69342
68846
68304
70090
69212
67168
68354
68690
69114
68406
68246
70098
69672
69190
67908
69172
70592
68642
69314
70616
67876
68666
70804
69264
69536
70364
68656
67342
67804
69286
69974
69968
70212
67144
69096
68878
69216
67434
67826
69256
69166
67398
69024
69846
68720
68914
68388
70488
68366
69432
69714
68758
67082
67414
68040
70506
67184
67066
68756
69610
67132
67450
69688
68620
67870
70810
70608
69822
70456
70638
69330
70310
69644
67680
69292
68932
70650
70538
69892
68504
70846
69948
67615
67707
68191
68365
67063
68655
70277
68295
67131
69645
68485
70789
67299
68883
68767
67565
68863
67893
67375
69527
67151
69093
69357
70053
68193
69893
69179
67551
70049
67697
70837
67633
70395
69799
68577
68645
68761
67799
70117
70727
70271
70559
69423
70495
70581
67733
67277
69295
68253
67577
68711
68751
68447
69453
69285
67981
68563
70927
69167
69421
69593
69809
70645
70335
68731
69895
67349
68069
70363
67353
69619
70623
67601
70041
70249
67335
70015
69565
69991
70209
70453
70147
68303
69481
68255
67959
70929
68205
68545
70391
70775
70515
69841
69975
69215
67549
68125
70773
68737
68451
70107
70689
69415
70257
67525
68235
67071
69981
67579
68575
68437
67143
70705
67723
69503
69501
70799
67975
67451
67367
68491
67453
70939
70749
68535
70311
68047
67941
70529
68615
67107
67179
67659
70451
69921
67955
70695
70095
67491
70279
67717
68559
69005
70295
67649
67291
67047
70543
67605
67237
70949
69345
67785
68265
70417
68301
68089
69279
70347
68369
70211
70057
67631
69269
69769
67669
70561
70551
70423
68425
67801
67475
69315
67099
67855
67257
68067
68275
68625
67803
67245
70709
70181
67439
67293
70171
67311
67065
68241
67191
67725
69863
67641
67129
69287
69597
68697
68689
70137
70011
67825
70463
70821
69317
68963
69233
68393
69531
69631
68599
70745
67841
67077
70337
70233
69135
69207
68177
68179
68083
68715
70653
69629
68407
67623
68591
68019
69395
69855
69547
70579
70763
67269
69849
69445
70905
68881
69243
69055
70175
70725
70205
68705
70587
69625
68631
67537
68597
67251
70729
67589
68109
69211
69299
69677
68519
68845
67221
70513
67091
67895
68411
67097
68409
69439
68353
67085
69343
69361
68681
68431
70643
70343
70245
68925
69551
70719
68981
70679
67243
68181
68315
70071
69153
70355
70873
67187
70163
67811
68309
67105
69079
68443
69319
67859
67979
70115
68261
67249
68847
68965
69177
69011
67527
67555
67689
69519
68173
68611
67671
67519
70539
69497
69683
67993
70565
69985
68979
70461
68051
67709
68121
68297
68371
69369
69383
68867
68621
69403
67387
67385
68829
69913
67117
70455
69467
67189
67755
68007
70407
70669
69035
68525
67597
70265
67167
70039
67321
69513
67059
68817
68217
68075
67815
69857
70307
67703
68669
67327
68501
67539
70133
67517
70157
69627
67267
67653
68459
69115
69209
67559
68587
67985
69461
68347
70711
68291
68141
67965
67159
69613
69873
70367
70045
68893
70297
70287
69889
70945
70861
70405
68027
70613
70467
70317
70875
67889
67217
69933
68879
68521
69291
69739
69175
69367
69433
69491
67829
70303
68359
70025
67365
69387
67443
70783
70339
69007
70285
70479
69159
69641
70215
67467
67329
68993
68659
70183
70331
67511
69085
70549
69725
70251
68819
70221
69647
68263
70019
67949
70833
68477
68939
68743
67281
67837
69607
70127
67935
70685
70865
70021
68201
69351
70445
69401
67181
70469
69801
69829
68151
69391
70501
69127
67919
70345
70523
70807
69263
68499
67357
67125
67083
67501
68571
68523
70139
68135
70473
69253
68011
70319
69133
67279
70817
70519
69139
69265
69113
70743
69803
69561
67521
68777
69963
68129
68661
68239
68445
67203
67045
67157
69049
68039
67305
69555
67149
69019
69511
67849
70305
69649
67259
69483
68041
68093
68383
69217
70527
68413
67369
68651
67139
67953
70431
68457
70663
67729
67393
70847
68861
67563
70273
67183
70845
68853
70027
69349
68701
68633
70009
69717
68833
70507
67155
69293
67787
67543
69275
68249
67115
70365
67865
69455
67933
67581
68327
68185
68475
69463
68959
70465
68793
67459
67845
70541
67863
68997
70063
70123
69457
69807
69235
68015
68143
70937
70061
69341
68355
68207
68555
70831
70267
68397
68111
69623
68229
70787
70869
70235
68049
68163
69825
69039
68145
67969
69325
68107
70091
69605
67483
70217
70411
67153
69689
69521
69373
68927
70121
69161
69023
70261
67695
67721
68137
67781
69451
68835
70849
69183
68251
69833
67819
68483
67569
68549
68953
70723
69719
70667
69273
68339
70379
69935
69663
69691
67419
69795
68279
70941
68719
68427
69067
68257
68637
67857
68745
70481
70239
69111
70625
67821
69459
70429
68573
67533
70165
67431
69029
69843
68285
69443
69249
69621
69589
70911
68735
68509
69945
70125
67471
69485
70661
70173
70635
68329
70891
69495
68643
69931
67585
69517
68373
70397
70631
69147
69327
67169
67301
68629
67315
67193
68473
68989
67137
67613
69791
70401
67141
70247
68977
68463
69041
70129
69947
68749
70073
69017
68729
69203
67805
70089
69733
68943
69907
69549
67341
69141
68945
68859
69469
68071
68053
70155
68543
69257
70897
69681
68495
67283
68915
70069
68321
70825
68969
70005
69213
70675
68133
70647
67547
70035
69995
69189
67447
68733
67397
68757
69031
70671
67415
67853
67851
68101
69371
70557
70803
70043
70627
69475
68513
70901
70023
70801
69237
69429
70915
68581
70823
67751
69099
68307
70605
69447
70615
67219
67351
70351
68043
70191
68837
70537
69335
67647
70199
70353
68419
69819
67195
70659
69489
69051
70741
67603
67323
68667
70677
67265
67905
70649
67775
69699
67877
69651
68875
69311
68807
67771
68119
69493
69779
70491
70859
68005
70553
69001
69365
67607
69635
67923
67735
67473
68709
69823
67297
70309
69713
70485
69261
70225
69923
67541
68267
68805
70031
69181
70761
69711
68567
68017
70321
68949
70545
67481
69427
70447
68917
69679
70001
68231
70569
69959
68825
70771
68607
69987
68871
68739
70841
70083
68149
70497
68691
69581
68245
70487
68399
70947
69871
68403
69303
68487
69971
68727
69837
69185
69953
67205
70101
70739
70899
68097
70119
69333
70323
70105
70187
67421
67513
70795
70651
68849
67197
70373
67081
68617
68157
69901
69541
70691
68319
68305
68991
70201
68885
69937
69095
70197
69219
67101
67391
67487
68435
70421
67749
70229
70617
70655
68699
70885
68775
69073
69077
70909
69955
69509
69573
70477
70097
68507
69715
70017
67827
70503
67333
68489
67049
69973
70051
68021
69659
69307
69471
70349
69543
69409
68331
70037
69897
70517
69239
68815
69033
68595
70571
67175
69411
67319
70921
70193
69759
67347
69101
68061
70819
69465
69539
70883
70289
68269
69757
68801
70457
67313
68755
69905
70007
70141
68095
69145
73604
76724
74298
72186
76328
78176
72442
72362
76738
78028
72128
75818
73502
71606
72772
76928
77266
77954
72936
77446
71996
72848
78212
78110
77840
74184
72788
74416
72288
72890
75722
77798
73134
75200
71360
74508
73956
76372
73098
75986
77284
72808
78424
73248
74552
74542
74676
72252
76422
75658
70960
76608
77828
71988
75420
77208
74656
76644
73234
73238
77752
76972
72674
72266
76064
72048
71226
74706
71556
74524
71980
74012
74320
76688
74004
71374
78036
72928
72046
74766
74866
76640
75876
72926
76790
76984
77534
77426
75656
71152
72996
73564
73430
77790
78464
73068
72154
76538
73738
72126
75812
78074
71204
77070
74484
76160
76524
73454
76852
75006
71306
76188
78236
72146
74326
78376
74262
77808
76072
75118
77804
71674
75712
73146
72010
77690
76744
75218
78306
71166
74868
77678
72062
73622
75156
75636
73922
74322
77180
76512
77026
72966
72660
74180
74492
71984
77182
78514
78254
75502
78148
75650
76288
76642
71684
71406
74582
76560
73286
73190
73214
74788
72152
71224
73474
77892
78292
72932
76634
74024
76662
74892
71822
72972
75098
75982
72366
76834
75532
74572
73212
71602
72938
75600
75796
76890
76962
74348
77384
72744
78042
73594
73262
77004
77096
76470
76340
70974
76566
72666
75068
71598
76352
76544
72964
75486
71624
74246
75780
73644
73254
76232
74452
73674
74622
75810
78516
71086
72200
72214
73718
76690
77510
74096
71514
74664
74898
71412
77050
76740
77044
72450
74430
72436
75696
78182
76444
77974
71762
71326
71304
72690
75214
77842
75892
71022
78084
75634
74794
77076
74700
71634
75282
76344
71918
78458
74692
76168
76456
76528
71986
74498
76226
77770
77104
75154
75372
74324
73144
74822
74140
71260
75060
71894
73448
73230
78466
71476
74890
75778
72968
75864
75704
75238
71440
73722
76856
71082
71380
71238
75766
74754
74436
74362
76554
72360
71546
72050
76948
78296
71908
73458
76486
74220
78168
72532
72102
72448
73344
72138
76658
78122
71264
75034
77410
76576
78000
77288
71302
76678
75074
75492
73676
72844
75412
72866
75872
77014
75740
71934
73832
77430
75622
76606
75136
75192
76342
74210
73606
72414
75224
74862
75158
77964
74780
74688
71890
71144
77022
75594
72270
77542
72388
72188
74018
71116
78222
72196
78350
77584
75692
77314
76014
74192
73208
75642
71746
76482
75246
73970
71318
78208
74414
73864
75174
75024
77962
78278
78086
75682
74734
76898
77788
71184
78004
75718
72668
78486
76142
71954
74152
74046
75772
73796
76994
72030
73600
77990
72778
74770
73028
77686
72224
77780
73338
74252
76774
77236
75870
71920
73802
75334
75526
71722
71842
71942
77820
75640
74698
76764
74258
77358
73472
77422
73444
72820
77172
76646
73250
75164
78438
77642
76652
75002
72758
72854
75562
78522
71754
76816
77338
76404
77672
73948
77922
74008
75800
74438
74864
77194
78248
71056
76516
77980
76610
74280
72712
78116
77818
73010
75132
76624
76496
73278
77064
71576
75894
77596
72990
71168
72534
72502
73124
78374
78420
73946
73532
77652
75432
73460
74918
75808
78408
73302
77330
75788
75612
78412
77098
75556
78494
76664
76946
74206
75472
72142
77570
74594
77816
72368
75680
71442
73322
76484
78372
72208
77388
71276
77034
72864
75250
71452
77474
73800
76194
77914
73856
71742
71886
77504
77676
72348
72740
71738
78094
77716
76032
78346
74056
73616
74752
72642
72876
75792
71246
73002
72168
73980
77256
72328
77572
76620
74288
76952
76650
73150
76878
77750
78526
73854
71974
73200
72548
76540
78500
76824
72166
77086
71516
73920
76828
74440
76360
72210
75038
77016
73498
77432
71038
72042
78188
73904
71400
75828
75128
74274
71074
77692
73330
75608
77904
71862
78202
78264
78220
73812
71050
71288
77898
76312
75964
76154
75666
78336
76836
78384
77668
74712
77320
72494
77478
76622
71248
71102
76166
73788
77658
74900
75226
72204
74886
76970
76466
74334
71854
72092
72984
74126
75428
74424
72160
74682
71580
74020
73118
74156
74328
71766
74792
77742
73358
74820
76004
73666
77494
78472
73100
73346
76386
77874
77912
76362
77310
72236
73264
74858
78118
75522
77740
73578
72294
75614
77174
73716
78310
72378
74342
70982
72620
74344
77488
71962
73558
75264
76318
71668
75306
76098
77528
71882
74894
72604
75294
71128
74880
76088
77408
75350
72408
77880
77128
74562
77258
73690
74374
73284
77942
76746
77202
74474
74022
74596
72134
77154
78556
74982
75180
72846
72312
71134
76398
73806
77776
73824
78280
75916
77280
75978
78032
74490
73876
76024
75482
71940
72504
74454
73204
71600
75592
74464
77272
77484
73686
71512
74926
78024
72032
74398
75698
74640
71296
74090
78530
77308
71632
74014
74922
72774
71118
77302
74526
78144
73858
73016
75408
71030
72694
76954
76924
72012
76720
78204
72748
75148
72486
72460
77414
78320
76180
72220
74158
73650
77532
76938
72716
76588
76220
73736
72676
75398
78324
72746
77564
74798
74668
76582
76120
76164
71228
75674
76616
70980
78120
75880
76908
76246
77186
71864
75726
72982
71688
73828
72242
77656
77852
72850
76868
73926
75510
74952
73256
76316
77760
71156
73394
71596
72422
77700
71744
77390
71084
73576
75794
70976
73442
72412
77234
76694
73376
73740
74578
76552
71008
74976
76670
73168
75518
71782
71394
74874
73148
75540
76498
77072
71148
78358
71876
75256
78228
72466
77638
77428
75588
71422
77146
72706
74574
71332
72946
72656
77574
71270
76322
76672
77434
74088
71542
75308
76250
77662
74112
72812
77420
73756
75506
78344
74248
73510
73112
76502
71800
71530
74084
71584
73682
74638
77670
77230
73698
78366
71180
75770
77058
74068
75664
78088
78508
74428
71150
76278
72310
72558
74294
73252
71706
73052
77786
74696
73276
72766
77038
73776
71386
74392
74368
71060
71266
71046
71190
71434
73312
72718
72918
72286
72702
76300
73566
74390
75440
76960
75448
76600
75998
76258
72584
75586
71496
76136
72206
72034
73978
77394
77928
71396
74522
78102
75210
71342
73412
78128
75798
73032
77586
76548
75410
76434
77116
72118
74824
71258
75400
75338
77000
75970
71574
76674
77198
75940
72104
72912
78132
74450
73078
73766
76268
76454
71748
72582
77224
73228
76936
71540
72454
77630
76976
73808
76464
71730
74194
78488
73840
72892
72594
78258
71778
75374
71480
78056
72084
77380
73048
75292
72560
76082
77578
78184
75236
72908
76262
77066
78234
73468
71390
72324
76940
73180
75138
73572
73630
74420
73304
76448
70978
74968
72240
78406
76998
71648
76052
73294
73008
74546
71612
75618
72344
76532
74388
76866
75724
71112
73128
73014
76992
76254
71836
71642
75566
75124
72020
73492
76812
71240
77020
78174
72894
71454
76846
74036
75298
71794
71172
74786
73878
72804
73988
73076
70968
77344
73652
72404
73874
72458
71804
78190
73582
72704
71692
75150
74534
73660
74060
73488
71572
77766
75182
72082
77876
71034
71098
74138
77724
71994
75730
72148
74930
73298
73958
77800
73464
74442
73914
78542
78368
76034
75728
77356
71294
77124
76488
71054
77710
72992
74576
78218
72924
77166
78192
71028
77598
78198
74080
77424
78098
70972
75490
75188
73770
77654
73060
74312
74110
76844
76228
77080
71200
73672
75690
73536
77862
77476
71566
76236
77158
73670
72352
75216
71090
72650
75824
74396
73040
74404
77232
76260
73198
77674
70988
71780
73220
74086
78498
77204
74134
72158
71502
76884
73580
72072
71544
77810
75528
72022
77566
72962
72374
76778
76442
72860
72638
75856
75076
71108
77460
76076
78272
72576
72684
74726
72410
77844
71346
71970
75186
75536
77238
75056
71770
71532
73470
73936
74876
72634
77794
72786
74426
72302
75368
73156
74174
78268
77190
75272
74528
71164
75222
73244
72394
72980
74560
77704
75840
75450
71930
76838
77628
77392
76162
76354
75776
72728
72318
75584
77268
77440
73896
73728
71708
75644
76760
75838
77274
77470
78414
74164
74098
71656
71498
74016
78436
71522
78404
72202
71750
77764
73420
73524
77938
74244
73398
77214
73596
73434
77322
73798
75508
74114
76768
76468
73900
76080
72180
74728
74048
77836
73744
77546
72254
75488
74202
73748
73842
75352
77560
76886
74658
71010
72902
74558
75344
74946
78294
77588
72522
75918
77456
78304
73592
75552
74292
73504
77714
72542
75304
76190
74010
72440
77008
74722
73782
77354
71682
75662
72754
73618
78162
76158
73240
77170
75108
71314
74074
74150
72114
73064
75436
76638
75826
74384
72026
77706
71878
75624
77814
74198
73174
73688
77036
76382
76546
75456
72710
78480
72806
77558
76710
73030
77298
75484
72484
72662
78444
72546
72950
71508
78428
73700
73598
71042
76338
72760
78072
73266
76030
76122
73974
73962
74190
73018
74544
72290
75064
73108
71230
78316
77864
77052
75900
74462
71614
74300
76216
71286
72322
73648
73754
71018
77196
70992
71912
71130
73326
76556
76140
76050
72598
75744
75258
72722
73954
73260
72430
76174
75112
73898
74986
76094
72438
71844
71610
71254
77252
73602
77976
77412
74742
75276
77216
72244
75274
71312
76204
74966
75946
74268
73274
72268
74178
72970
74078
77222
76666
77110
78506
72554
72004
74970
77184
71080
71424
76078
73734
73846
77944
71372
70962
73496
71806
72644
73432
73374
75092
78046
72260
77982
75170
77850
76294
76060
73916
71644
75934
76754
76132
72162
75230
75140
72776
74998
73074
73372
71914
71404
73530
73056
74058
73402
71016
72888
78050
74732
71562
76918
74382
74340
75646
77956
73984
78474
76490
71162
71106
71902
73612
73216
77632
76682
77992
72552
76766
75910
74242
77624
76956
76756
77348
74642
73364
71660
77590
74934
73860
75044
75790
71014
73428
71650
74718
71884
73332
77932
76792
75268
71154
73500
75862
74932
77418
72014
72824
72264
76788
73528
71552
75198
72810
76570
74228
72920
78130
74332
77102
78334
76806
71196
77142
72510
76416
72080
74456
72588
75336
72002
74620
76912
76702
72060
75898
78262
73772
78150
75694
74230
76726
78496
73780
71298
72326
74588
71978
76092
76150
76244
77312
77610
77856
75008
75052
75252
74744
75550
74418
74592
78326
71176
75394
74460
77482
76462
71948
77118
77684
75196
76596
73990
75520
75914
77350
72274
78186
71932
77466
71972
77512
73088
71044
72736
76282
77878
78160
71622
71192
71486
74182
75652
75708
72538
72066
77362
76384
75580
77884
77486
76480
74354
77416
77254
73872
72714
71000
78154
72500
74814
74912
71790
74506
74906
78196
71466
73130
78082
77496
77882
74408
75096
76242
74990
72878
74144
72868
77144
74804
72238
76798
71814
75296
77636
72700
75416
73554
77832
76048
73408
77192
74196
72456
73306
71078
76206
74972
75768
75736
71846
73086
75062
75932
74296
78512
71464
72094
73982
71868
77978
74470
71944
75844
72518
76494
71504
77248
72452
71628
73308
71250
76592
73586
73202
75866
78112
76134
78104
76046
73614
71244
71310
74432
71194
78432
75022
73062
77688
76366
72054
74928
71048
72652
77100
75572
73188
75322
78078
72164
73006
77114
75206
77398
74910
77518
75362
73280
72882
76346
71256
75742
74670
73894
77056
74118
73628
73046
75190
77448
75578
72488
76804
76044
78090
77568
76558
71036
74584
72632
76472
78382
78504
77604
75610
73106
71696
71698
77514
73382
75280
78096
76252
74128
76438
72830
76504
76810
74434
73034
74026
75072
72566
76930
77516
72482
73892
76818
74944
75302
75524
73746
73884
78454
76708
74634
74960
77276
75082
73410
76432
78442
75942
75004
74650
76534
75648
74278
73324
72316
71828
76636
72218
77226
73476
75370
74266
78510
75714
76290
75114
74978
75774
71160
72880
75684
75240
74802
78288
71146
78284
77450
73950
73290
73092
71714
77870
76580
77212
72608
74044
73708
72756
77614
73436
71788
73404
77088
77296
75146
78054
75850
73890
77550
71104
75208
77826
73462
70986
78124
75968
78448
71958
71554
74040
73692
73120
78068
71490
71432
72086
77910
73184
77176
71324
71966
74806
78356
73424
74538
76042
71026
77242
75316
76374
71032
76440
77164
71946
70958
71798
72948
76750
76358
75630
73556
71866
71626
76086
72792
75706
78038
72282
73590
77698
74762
74168
77278
75760
73932
78080
72028
72462
74270
72256
78134
71272
78352
73834
75452
74920
75713
72663
72327
76035
74487
71247
75831
78385
76087
76389
75339
73047
76023
74311
78377
77325
73795
75855
77429
72927
76677
78213
77733
72893
78405
71813
74277
73623
73813
74793
77601
75467
74113
74365
76937
73479
75149
75143
75083
75321
75411
77297
72175
74057
77057
78137
71549
77379
71747
74915
72765
74295
71775
71943
71435
74281
72587
75737
71887
73395
77337
75773
74837
72487
76135
75867
72159
74391
74155
75997
71615
76521
73687
73529
78371
72017
75451
72221
71903
74167
77973
75141
74675
75957
77131
72357
76103
73855
78219
71723
76809
74477
77537
77525
71081
71985
77127
71413
75735
72067
77503
75517
74903
71169
74567
74937
71203
73349
76953
73307
72031
71049
78143
77991
75983
77885
74117
77881
73305
71285
77113
74377
75343
74089
71347
72023
77679
74611
73403
73463
72977
74511
74809
72873
77933
74437
78263
71357
75675
73473
75795
71311
76867
74929
78209
71219
76205
73059
76703
73005
75113
74961
75469
76797
75207
72669
72111
72345
73513
76785
73913
76157
78057
78359
74217
72789
73131
77627
76311
78563
75891
76109
72623
71875
74991
72951
76305
77221
78099
77903
76697
74427
72731
74185
71781
78163
71963
71117
73487
75181
76329
71905
77775
77245
77683
73181
73781
77831
75515
78117
75991
74885
77675
75789
73015
72239
74921
76561
75939
78447
71895
75897
73589
76825
72185
73787
73427
73073
70965
71679
74835
71911
71043
71103
73011
76599
73545
73559
78103
70979
78281
73147
72451
73079
76199
76627
76575
73667
72275
77555
75041
76465
71011
72539
78285
75605
72049
71429
71505
76393
72507
73469
72999
75177
76983
74653
76873
74151
77103
77457
76563
75033
74589
73981
71749
72517
75545
74759
71369
71699
74781
72505
72841
73255
73329
74079
75013
74251
74463
71319
71245
72187
78455
71585
71333
77609
71929
74999
75011
71795
78369
71427
75015
74015
72621
72969
77075
75535
74035
72635
73727
74409
72607
76407
71557
76613
75267
78269
73027
72875
73319
75295
74325
77129
78075
72279
74459
74499
76249
72603
75417
78389
77547
77335
78007
71553
75023
73211
72035
72401
72333
74551
74131
72687
71033
78257
73693
73007
74323
73343
72985
74071
75425
76783
71965
76991
77667
75679
76185
73833
78085
74283
72015
77321
75355
71877
74825
77333
74701
73831
74229
73039
72827
72209
74601
75659
71179
76459
76097
75687
73523
71115
71995
77785
73845
72915
76263
74447
76243
76235
73287
74195
76547
76485
75663
77311
73363
75089
72257
78091
76643
77135
72699
71345
75107
72169
74331
76701
76153
76381
73733
77579
77411
77169
76911
72881
78403
72513
76191
71689
71449
71893
75491
77071
74753
76367
77859
72117
77047
75809
76557
76903
75067
77637
76399
74713
76595
73631
73615
74987
71759
73203
71711
75733
75183
77463
77977
72337
76517
73771
72859
76851
76177
77943
77841
78005
78461
78155
71051
74853
77109
77811
75661
77629
76323
71825
75115
75413
78139
72233
77341
74371
74573
73775
75725
75085
78247
72629
72189
78249
75185
77595
75799
74919
75881
71697
75961
72483
78205
76605
78001
77119
78343
72077
72725
76845
75781
75921
76423
76033
72273
72225
78183
76211
76427
76037
74051
74077
74207
72693
78245
72639
71019
72797
74643
77487
77907
76523
74881
71195
72545
72285
72523
71141
77871
73951
77913
72105
73443
77359
71287
74449
76833
72913
76945
71767
75821
76655
74677
74023
75829
73109
74299
73665
72579
74851
75487
74129
72809
75719
75565
72319
78065
73219
75537
71587
72063
75797
77953
73651
77835
72109
78055
77561
78401
71021
75227
76813
78545
75099
71431
76807
77143
73121
71805
74789
71089
76889
75665
76021
72823
76049
76113
72223
74533
77437
76395
75591
75131
77607
75787
71955
72107
77967
77635
74993
76455
71863
75365
71145
74699
74495
71975
72819
75455
76361
73849
73799
71155
72943
73493
74575
73735
71185
74405
72939
75875
76875
75903
76449
76883
76111
76539
76789
76349
73551
77255
76975
75547
72651
73649
74631
74657
77177
76115
77979
72005
73191
75947
77597
74013
77073
75485
72609
73761
75811
77825
73843
72561
72361
78083
71121
73899
71763
77731
72691
76699
73163
73231
76061
73971
76251
78529
75445
74609
78437
73867
76025
73041
72119
71123
74109
73575
74827
75527
73273
75643
75459
74645
76105
76039
78173
73835
74183
78023
73275
75899
77795
72761
71961
72135
76259
72203
71499
75305
75769
77699
75945
75159
73303
71533
71931
76271
76403
76885
73909
78129
75857
77539
78433
77925
74561
72419
76799
73193
72011
76843
77469
77567
74909
77833
73809
71137
72633
72431
74225
74905
78349
74887
73823
77409
72153
75071
76229
76919
72255
71741
73949
71777
73261
73107
74453
74563
72611
74489
72397
74971
76375
73435
72949
74989
74073
73617
71447
71569
78131
72605
76671
75063
78435
74865
74597
76743
73485
72369
77455
78471
71355
77203
76167
78051
77529
74981
76193
74869
75005
72261
72179
73611
71409
72643
74423
77575
71627
75815
71101
76651
73099
71149
76841
76347
75877
75333
73105
78519
76387
74651
78097
75837
74389
74227
74525
72571
74237
74143
72569
71799
73853
76591
74347
74879
75479
73797
78229
77725
74565
74101
74465
74485
71735
70973
73031
73221
71253
73635
75225
77285
77163
72575
75253
75269
72661
76169
77571
74527
75943
75153
74315
76425
72749
77531
77543
77939
71323
71649
75027
75933
78013
72097
77625
72191
76453
75623
73993
73759
77239
71163
74661
71291
70975
78019
76987
73225
73995
72027
77695
74149
73187
76711
72665
73465
72519
77361
75847
73447
76721
77369
75941
77105
76749
75065
76751
71827
73519
78027
75471
73821
77573
76725
71475
75851
74945
76405
72033
71281
77261
73503
73223
73889
72529
72619
78465
74445
77153
75223
76369
73689
72423
73779
77339
72283
76019
75233
73149
73237
73973
71491
75251
78397
71537
73879
75401
78383
76731
76005
73927
76795
74949
73401
77373
78493
78495
78341
73029
71661
72099
74483
71529
71157
73763
77345
74161
76663
75061
76823
74515
73021
76223
78059
73177
72207
74517
74273
76319
76265
73819
74725
77541
78555
72589
76879
75095
75437
75441
75549
75775
76179
71451
76927
76981
77587
73597
74103
71837
71075
77231
78079
76027
77363
75217
77401
74899
76069
74177
71953
73953
75711
76609
71265
76059
73805
73323
76753
78413
73081
74523
77215
74353
74141
76015
75195
73841
76063
73801
75457
77383
77781
74297
74339
76865
75777
77855
76503
72149
75285
78093
76715
75299
75597
76411
74419
77875
74305
76831
72335
73677
71897
73717
73783
78221
74709
73825
76155
75835
71107
77739
73189
77419
71297
72759
74127
73707
72767
75657
71325
77191
72793
72069
77741
71551
75167
75707
78311
74147
73531
72025
76469
75039
72509
77117
71889
76947
74369
75567
75511
76277
75135
77461
74319
73609
76239
75049
73807
72703
72205
72485
74163
71783
72437
76255
73769
74967
72543
72403
77019
71949
72953
76759
75165
72831
73457
73475
72835
71543
72101
72747
74791
71525
76961
74497
76379
74893
75235
76921
72861
71833
76569
76053
78393
73811
73659
76213
77723
76079
77657
71803
74481
77139
76819
73359
75335
71589
76055
72497
75373
74569
77671
73215
74201
71633
73345
77777
75121
78421
72215
76897
73765
77997
73607
78363
73315
70991
71611
77491
73891
76143
78503
73271
73371
71095
71359
76433
76099
75429
71693
75347
73245
77797
73433
77653
72583
73013
74085
76999
75749
77425
75715
77217
76735
76543
77405
75571
72883
77937
75583
73281
76511
74383
73209
74889
76617
71133
71111
71069
77605
72719
76619
73003
73563
77413
76527
77513
76691
71539
72565
78267
72043
73817
72697
77803
78353
78201
72871
73967
73837
76665
77791
76859
77433
75653
72877
75533
77211
72471
71389
77349
72733
74119
78177
73621
78017
72323
75785
71229
71507
74995
77453
75351
72287
77289
75859
78235
71485
76475
72865
73915
72681
73373
75317
76533
76659
72141
71241
77397
74621
72601
72197
73071
78211
75311
71857
74043
77655
74503
75685
73629
72007
72095
73067
75421
74749
77905
73829
75073
73975
74859
72041
77915
76905
74711
78291
72259
76487
77743
75283
74787
72313
75805
71207
77281
77499
72937
74385
72301
72065
71477
76601
76971
76951
78081
72289
78197
72137
74803
74659
73103
73201
73705
72081
76207
76219
74367
77485
76151
73587
71091
73173
73327
72729
74639
75379
74473
71393
76761
76409
78491
74861
71037
75497
78355
78279
76891
73723
74765
72917
77051
77717
71643
77451
73903
71977
71377
73645
76303
71725
77395
73773
75843
74769
72467
74279
73601
72295
78265
78323
74259
74901
75481
74381
76571
71565
77821
76681
73405
71473
72879
75563
73297
73593
76501
74111
75827
78451
71769
74605
74927
71823
75281
72489
76979
75757
77931
74721
74673
73017
72425
73719
77121
75187
73101
77861
74285
72869
78487
74357
74053
74039
76119
71279
73387
72593
72673
77971
74123
75693
75901
71853
72495
71907
75689
78101
76473
77863
75145
71555
72391
72595
74549
71339
77159
78313
75953
71201
72599
76397
72385
71945
78199
71031
71127
73115
70959
72577
76101
74521
72231
75803
73721
77829
76327
76297
74139
71153
75699
75633
74145
75315
78521
75627
78015
77877
73725
74091
75495
75999
73673
71119
73907
71733
73227
76923
76529
76283
76815
72995
76863
77247
77141
78227
75197
73267
74355
77253
72987
74105
71663
75919
74727
75199
75883
76959
71501
78525
71269
72555
77441
74125
71231
76829
76537
75075
74491
74547
73241
76887
72713
75163
78009
74223
72445
76647
73139
74351
74307
74819
76793
77481
72039
71425
74933
73571
74083
75573
77257
77043
73213
72227
77065
77391
77175
74841
72961
78149
75595
71797
72009
76301
75367
75863
77161
75557
74293
71675
77823
71375
71971
72547
76679
72453
75239
77233
73883
73019
72535
77689
71315
76331
75111
78319
78379
74231
75205
74003
71927
75047
72331
73383
72527
77711
76289
71625
70987
73713
73745
74813
72093
72213
75353
75691
73125
76535
74173
75449
72737
72521
77965
73901
77879
72363
76315
71841
75705
72121
75613
71595
73389
75813
73159
74965
75621
77721
72525
78123
72675
76653
71535
72501
75599
72625
74415
72001
78425
74737
73355
78107
77649
71721
76481
76163
76639
71687
77079
75189
77865
74261
73451
74211
77819
74265
74179
78307
74607
74751
71199
74159
78121
77909
74199
76837
77039
77449
72867
77989
76551
77031
76065
72413
76577
71941
73857
72779
76625
78535
73685
75453
74019
75375
75589
76925
75313
75331
75349
73595
77603
77827
77353
78549
76009
76447
74451
73905
74379
75337
76747
77123
76787
76869
77107
75147
74925
73361
78417
73741
74941
72631
71817
78427
75261
73423
73535
78331
74579
76705
72143
73037
78125
74171
73647
71077
74505
73417
74979
75539
75297
75255
78443
72933
77987
74871
78119
72617
71161
75273
72113
74165
71135
72037
72615
76733
74635
73141
77155
71487
73335
74831
73145
73449
77891
74219
75397
71343
73515
72901
77293
74689
71899
71983
72919
78511
74467
72089
75245
73091
76201
72591
77323
75215
76217
75727
72161
72773
71681
71673
78309
77091
75971
75431
76237
76279
76775
71981
78531
71541
78547
74947
75201
77911
75383
73579
71109
73789
71609
75951
77059
77317
73549
73009
74029
71637
77179
72581
72177
76359
77981
75219
75385
73049
71635
74175
70969
74037
71579
71373
70981
72845
77157
72811
71167
74359
74135
75307
72459
71387
72783
74985
77975
75607
71125
76415
77681
75271
72373
76383
77787
76781
74197
78411
77801
74191
75443
75625
78003
74761
76531
75743
77033
71787
76371
75069
77853
72219
71251
76145
74535
74395
74829
75051
76499
73093
71017
77459
74723
75909
71937
73429
75211
75327
76107
71957
75833
72637
77495
74241
71085
78283
73633
71407
77099
75423
73265
77533
72417
75513
73001
71257
73085
75895
74849
75081
72715
74913
73347
75651
73969
76491
72923
76307
71779
71271
72929
74045
76353
76965
78339
78171
77489
76417
72405
74681
71913
73369
71015
76321
76541
72807
73179
74917
71457
76895
75677
73983
71567
71547
75761
73137
75609
71061
74863
72367
73911
73697
74203
73339
75323
77009
76343
75979
75765
76483
72019
71523
78431
75243
73573
73507
70999
72909
75611
71785
72739
73499
76913
