0
0
0
0
0
0
0
0
0
0
0
0
0
0
0
0
0
0
0
0
0
0
0
0
0
0
0
0
0
0
0
0
0
0
0
0
0
0
0
0
0
0
0
0
0
0
0
0
0
0
0
0
0
0
0
0
0
0
0
0
0
0
0
0
0
0
0
0
0
0
0
0
0
0
0
0
0
0
0
0
0
0
0
0
0
0
0
0
0
0
0
0
0
0
0
0
0
0
0
0
0
0
0
0
0
0
0
0
0
0
0
0
0
0
0
0
0
0
0
0
0
0
0
0
0
0
1431
1557
1236
1357
1154
1329
1149
1469
1274
1334
1182
895
931
1507
1431
1341
1225
1226
1175
1382
1209
1253
1274
1202
1244
1438
1319
1377
1332
1132
1281
949
1268
1233
1122
1361
1224
1600
1668
1420
1558
1232
1086
1114
1048
1434
1436
1259
1093
1348
1142
1120
1211
1378
1158
1550
1092
1369
1370
1317
1388
1778
1507
1140
1042
1441
1329
1485
988
1633
825
1122
1090
1340
1263
1605
1178
1406
1387
1451
1373
1685
1356
1273
1340
1497
1309
1077
1227
1305
1400
1344
1423
1114
1070
1197
1147
1360
1398
1439
1000
1557
1312
1585
941
1410
1232
1087
1306
1387
920
1091
1303
1412
1503
984
815
1185
1223
1292
1223
1617
1264
1240
1572
1559
1314
1047
1467
1331
1296
1271
1408
1410
1506
1560
1493
1307
1525
1276
1392
1270
1343
1366
1248
1396
1625
1278
963
1810
1173
1576
1627
1583
1239
1285
1141
1349
1466
865
1261
1497
1704
959
1210
1422
1352
1460
1160
1107
991
1646
1183
1258
1178
1383
1360
1505
963
1483
1305
1195
1432
1169
1763
1473
1287
1311
1107
1444
1414
1437
1229
1161
1463
1167
1150
1206
1155
1304
1488
1419
1310
1544
1643
1433
1608
993
1528
1201
1491
1259
1500
1183
1315
1490
1210
1165
1218
1289
1415
948
1568
805
795
1319
1193
1476
1514
1330
1568
1594
1189
1369
1323
1552
1682
1620
1738
1745
1467
1639
1669
1541
1439
1792
1119
1668
1174
1417
1569
1501
1506
1337
1592
1341
1894
1589
1670
1761
1452
1825
1390
1407
1535
1522
1377
1234
1390
1511
1122
1657
1629
1745
1314
1891
1639
1315
1307
1497
1320
1133
1465
1470
1359
1780
1494
1122
1492
1328
1402
1567
1601
1140
1391
1608
1520
1440
1526
1531
1340
1766
1320
1422
1758
1380
1620
1512
1485
1296
1272
1345
1194
1468
2022
1520
1244
1595
1548
1295
1750
1498
1614
1782
1581
1828
1909
1774
1566
1141
1751
1566
1596
1416
1375
1344
1353
1233
1522
1381
1394
1438
1539
1401
1505
2053
1539
1462
1618
1895
1411
1344
1704
1527
1484
1545
1355
1469
1251
1312
1356
1615
1574
1381
1757
1635
1241
1505
1591
1577
1567
1667
1343
1254
1414
1532
1521
1171
1460
1706
1520
1569
1398
1723
1673
1767
1519
1632
1625
1642
1511
1185
1035
1702
1322
1364
1173
1606
1147
1548
1319
1231
1365
1340
1653
1697
1340
1746
1459
1652
1393
1830
1616
1560
1300
1365
1915
1367
1334
1954
1368
1513
1273
1576
1221
1672
1641
1274
1297
1579
1444
1570
1561
1495
1398
1517
1301
1426
1405
2034
1688
1526
1333
1641
1227
1682
1468
1320
1501
1491
1809
1398
1566
1976
1550
1532
1503
1542
1690
1351
1479
1437
1449
1636
1293
1463
1490
1663
1461
1504
637
770
805
1175
1124
655
648
677
690
876
657
871
831
905
690
648
655
772
994
566
818
787
977
714
1024
920
782
904
872
704
894
760
813
673
718
1048
523
826
692
886
939
868
716
855
638
823
771
1080
971
861
794
923
926
779
766
888
635
686
894
661
1198
835
1025
961
1082
995
650
917
864
868
821
734
619
945
601
617
771
762
785
903
1127
829
887
601
692
1010
1005
637
847
593
1134
609
1084
935
987
824
594
1047
908
935
585
819
707
828
1251
987
784
692
761
906
629
819
636
1041
934
988
851
585
934
648
683
995
932
615
722
781
761
676
878
779
867
658
725
758
738
813
757
612
956
1053
922
767
709
1062
621
778
821
1063
637
680
1152
793
1059
911
775
0
885
711
756
761
702
846
1055
1016
838
789
751
681
926
813
794
838
841
748
577
828
979
709
915
825
780
843
687
625
729
887
754
654
874
603
614
733
910
802
896
767
634
988
882
964
573
680
860
682
930
722
930
794
612
1207
905
694
1010
692
829
636
717
854
751
596
970
1122
1251
684
928
621
880
673
681
1062
855
1230
894
1041
905
924
926
755
815
826
1018
1053
865
902
849
955
939
842
676
688
834
797
1060
788
775
597
749
849
665
750
779
641
646
881
1039
804
981
761
982
1263
856
1367
670
837
806
611
566
825
706
862
769
968
1021
797
649
941
849
0
0
0
0
0
0
0
0
0
0
0
0
0
0
0
0
0
0
0
0
0
0
0
0
0
0
0
0
0
0
0
0
0
0
0
0
0
0
0
0
0
0
0
0
0
0
0
0
0
0
0
0
0
0
0
0
0
0
0
0
0
0
0
0
0
0
0
0
0
0
0
0
0
0
0
0
0
0
0
0
0
0
0
0
0
0
0
0
0
0
0
0
0
0
0
0
0
0
0
0
0
0
0
0
0
0
0
0
0
0
0
0
0
0
0
0
0
0
0
0
0
0
0
0
0
0
0
0
0
0
0
0
0
0
0
0
0
0
0
0
0
0
0
0
0
0
0
0
0
0
0
0
0
0
0
0
0
0
0
0
0
0
0
0
0
0
0
0
0
0
844
1380
1625
1371
1382
1313
1305
1441
1174
990
1288
1735
1509
1295
1297
1575
772
1186
1290
1224
1188
1078
1264
1593
1439
1327
1218
1526
1761
1562
1393
1278
1294
1116
1240
1601
1383
1255
1509
1600
1316
1379
1408
1358
1260
1582
1352
1309
1261
1291
1273
1394
1256
1164
1194
1317
1260
962
1416
1181
1307
1526
919
1127
1113
1395
1690
1052
1570
1398
1778
1211
1641
1297
1013
1487
963
1442
1687
1568
1259
1334
1466
976
1705
1308
1296
1213
1345
925
1222
1543
1542
1520
1381
1261
1379
1271
1146
1191
1416
1118
1299
1238
1068
1405
1624
1113
1664
1351
1196
1050
1366
1533
1214
1506
1242
1050
1602
1353
1309
1469
1309
1311
1179
1207
1173
1245
1331
1535
1217
1292
1489
1295
1414
1451
1252
1384
1284
921
1181
644
1313
1131
1513
1576
1309
1440
1440
1072
1431
1477
1276
1250
1366
1282
1656
1522
1582
1539
1209
1288
1326
1225
1241
1248
1337
1206
1301
1181
1153
1174
1625
1516
1104
1704
1460
1258
1594
1337
1314
1421
1739
1044
1503
1651
963
1366
1324
1392
1288
1475
1065
1399
924
1392
1331
1432
1314
1646
1241
1141
1252
1086
1210
1568
1287
1546
1255
1299
1416
1560
1286
1757
1474
1484
1129
1285
1148
1396
1275
1299
1176
819
1432
963
1500
1360
1509
1419
1584
1330
1519
1533
1305
1320
1340
1218
1264
1516
1197
1116
1432
1125
882
1304
1460
1332
1373
1139
1574
1580
1155
1544
1201
1284
1553
1310
1161
970
1603
1260
1319
1217
1409
1528
1488
712
1022
661
666
715
872
819
811
776
983
820
730
874
827
770
780
666
823
609
705
1065
870
860
648
1002
882
914
835
757
852
1005
530
694
1034
1399
776
566
688
793
1003
668
738
1165
966
702
872
850
676
1023
748
904
877
539
723
921
742
716
541
599
1053
808
641
1004
972
836
728
724
1034
609
669
1071
1009
904
806
674
1043
807
983
699
1058
807
736
637
900
589
891
932
962
955
761
826
738
621
795
783
691
569
560
1060
701
964
895
664
623
907
820
704
841
674
833
1022
700
549
850
812
631
578
725
1201
658
629
922
893
890
697
999
851
974
689
995
1172
937
1102
1003
775
607
747
1034
1195
855
897
1219
1187
884
838
1133
1049
1375
816
714
571
852
863
573
867
1000
624
701
706
732
738
1216
893
834
939
955
1034
937
911
748
1070
838
965
669
728
1015
813
679
964
665
836
850
1016
644
874
1060
678
965
617
908
1018
848
605
788
562
865
941
787
851
1336
838
968
1151
864
1235
1013
1110
1278
1121
875
1123
999
1260
1407
938
1397
1203
1555
1047
1134
1304
1423
1340
813
900
1319
836
1080
1108
921
1176
1281
992
1353
1109
1058
1040
949
1044
801
1351
1230
1017
1131
923
885
999
890
983
1347
1320
1070
1121
936
1361
1051
1451
1178
1053
952
1265
871
926
1086
983
1033
1441
912
1595
1075
1090
1024
918
1192
859
884
787
929
1087
1179
996
956
1201
1178
833
931
979
1235
1079
1221
1370
1333
1061
1133
898
994
1295
1044
898
1366
999
834
855
1064
1321
1002
1105
1606
1173
950
1092
1017
1092
1076
910
861
1176
901
1303
1184
795
1099
1064
992
1167
1090
1136
1110
990
845
1092
1782
862
1015
1013
1009
915
980
1127
942
1165
922
1016
1013
1054
1071
1033
1195
953
971
1011
1182
893
1270
1042
829
959
1029
768
1132
1105
848
848
1015
1152
1113
1094
888
1184
1359
1102
1258
1015
1034
869
1078
1025
1377
928
1187
983
931
1062
823
1434
980
1280
1124
1131
1069
974
1157
1305
870
987
1235
953
857
1430
1526
1398
1575
1147
1348
1295
1174
1382
1453
1690
1416
1403
1281
1384
1713
981
1287
1649
1122
994
919
1158
1382
996
1164
1202
1351
1182
1131
1294
1383
1570
1625
1132
1420
1199
1343
1501
1351
1129
721
1000
1345
1554
882
1379
1213
803
1185
1250
1227
1242
1582
1405
1583
1389
1149
1208
1240
1280
1196
1309
1352
1387
1548
1091
1485
998
1561
1384
1602
1440
1034
1306
1366
1525
1324
1178
1229
1301
1143
1300
1619
1408
939
957
1704
1116
1219
1086
1625
1399
1377
1245
1352
1309
1646
1248
1174
1383
1477
1446
1381
1432
1560
1475
1459
1258
1484
1392
1227
1116
1148
1153
1248
1237
1135
1642
1398
1248
1132
1135
1307
1360
1315
1512
1435
1228
1444
1484
1198
1310
1314
1152
1643
1733
1670
1386
1533
1360
1483
1275
1139
1109
1573
1488
1125
1319
1200
805
1384
1341
1419
1484
1407
1176
1218
1289
1229
1523
1225
1206
1175
965
1473
923
1259
1544
1490
1020
1432
1206
1330
881
0
0
0
0
723
0
0
596
0
0
0
0
852
0
801
0
742
0
922
0
0
0
0
0
0
0
0
0
0
829
0
0
0
0
0
971
0
0
0
0
904
0
643
1165
0
732
0
0
0
0
0
0
756
0
0
1001
946
0
0
1348
783
0
613
872
0
0
955
0
0
0
0
715
560
0
1016
888
818
1121
0
965
648
0
0
0
0
0
617
0
0
0
0
871
0
578
0
836
672
0
0
0
0
796
0
915
836
0
0
0
0
0
0
728
0
0
0
0
0
0
0
0
0
0
0
0
0
0
0
0
0
0
1060
0
0
0
1159
801
0
975
0
0
0
0
0
0
0
0
0
0
0
767
993
0
1172
674
0
1125
848
0
0
1143
0
0
0
0
1598
0
0
0
1423
1017
1441
0
0
1370
0
992
0
802
0
0
1024
1347
0
0
0
0
1128
0
968
0
0
0
0
0
0
1076
1286
0
1201
798
0
0
0
0
0
1080
1018
0
0
0
1293
0
0
0
0
1299
1033
0
912
1165
1121
0
0
0
0
1155
0
0
0
0
0
1304
0
0
887
0
0
1420
1026
1013
0
0
1161
0
0
1602
0
0
0
0
0
0
1321
0
0
0
1142
1064
1438
1359
0
0
0
0
0
0
0
0
1434
0
0
0
0
0
0
919
0
1105
1329
0
1015
1222
0
1157
0
0
0
0
0
0
0
0
974
1071
0
1106
1095
0
0
0
1167
0
0
910
0
0
0
0
0
1095
0
0
0
0
1244
1387
990
1391
1568
1442
1101
1428
976
1255
1439
1370
1052
1312
1600
1181
1245
1253
1259
1154
962
1291
1778
1120
1244
1593
1641
1394
1059
1231
1409
1778
1357
1026
1297
956
1478
1346
1209
1183
1287
1290
1317
931
1105
1281
1211
1086
1325
1371
1266
1261
1241
1302
1720
1441
1410
1358
1480
1191
1299
1211
1150
815
1685
1392
905
1234
1214
1326
1460
1298
1034
1460
1197
1398
1222
1196
1455
1656
1134
1356
1477
1245
1251
1313
1582
1217
1339
1432
1385
1072
1190
1351
988
1469
1305
1254
1110
1617
1318
1459
1300
821
1215
1304
1699
924
1568
963
1065
1377
1518
1250
1252
1421
1110
1345
1286
1140
1299
1116
1238
1311
1399
1255
1416
938
1516
1258
1628
1126
1503
1287
1328
924
1284
1509
1299
1553
1123
1284
1133
1193
1106
1603
1217
1287
1519
1176
1197
1612
1765
1245
1410
1574
1320
819
970
1311
1697
1497
1011
1440
1264
1396
1238
1396
1307
1509
1458
1528
1348
1184
756
606
1043
0
0
0
0
0
0
0
0
0
946
0
0
635
0
0
818
0
0
0
0
0
900
0
0
0
0
0
0
736
1121
0
0
0
0
0
0
1006
971
0
0
0
932
0
0
776
812
0
0
0
0
0
1399
0
0
0
0
0
0
0
0
732
0
0
1189
0
0
0
0
0
648
833
755
0
0
0
0
0
0
0
0
1049
665
0
0
0
0
0
0
0
0
0
0
0
0
0
0
0
0
0
0
0
915
0
0
0
0
0
812
718
0
672
0
0
0
0
1125
796
0
0
0
0
0
993
0
0
0
0
0
0
0
0
975
0
645
0
0
943
0
0
0
0
0
0
0
0
0
0
0
0
0
1024
1179
0
1379
0
0
0
0
0
0
1101
0
0
0
0
0
1233
0
0
0
1178
1555
0
0
0
1327
0
0
0
1155
0
0
1279
0
1451
0
0
0
0
0
1023
0
1061
0
0
0
0
0
901
0
0
0
0
0
0
0
0
1053
0
0
0
0
0
1160
0
0
0
1782
0
0
901
0
0
0
0
0
0
1124
0
0
0
0
0
0
0
0
0
0
1090
980
0
0
0
1239
0
1001
0
0
1142
0
0
0
0
0
0
0
0
0
0
0
0
0
0
1187
0
1222
0
0
0
0
1155
0
0
0
1329
0
0
0
0
0
888
1095
0
1393
1261
1478
1374
1386
1240
1260
1288
1312
1259
1266
1487
1393
956
1407
1395
1431
1564
1469
1120
1416
1179
1297
1601
1078
1417
1334
1281
1116
1216
772
1217
977
1231
1776
1352
1307
1114
1183
1207
1316
1256
1231
1175
1096
1244
1154
1397
1224
1211
1466
1289
1478
1625
1233
1290
1490
1408
1342
1329
1351
1088
1114
1276
1234
1575
1238
1337
1209
1148
1298
1441
1118
1294
1263
1190
1309
1309
1206
1340
1247
1245
1302
1440
1720
1356
1470
1010
1152
1223
1196
1131
1353
825
1299
1316
1685
1173
1144
1385
1181
1114
1529
1311
1356
1180
1281
815
1185
1296
1465
1206
997
1395
1432
1302
1248
644
1381
1248
1157
1349
1338
1261
1285
1343
1287
1295
1429
1658
1315
959
1267
864
1345
956
1325
1371
1390
1543
1222
1620
1810
1237
1217
1597
1576
1276
1148
1627
1107
1278
1309
1512
1139
1364
1161
1396
1460
1422
1284
1222
1379
1296
991
1294
1443
1271
1583
1188
1155
1641
1154
1324
1167
1053
1311
1262
1153
1195
1000
1236
1346
1090
1463
1287
1328
1149
1055
1377
1276
1107
1435
1573
1336
1315
1183
1444
1463
1122
1169
1391
948
1149
1763
1315
1454
1424
1219
1276
1638
1603
1259
1380
1451
1342
795
1218
1483
0
0
607
0
0
872
0
0
763
725
0
641
0
0
0
0
0
849
859
0
0
706
1051
0
0
0
0
764
0
0
0
0
0
0
0
0
0
0
1319
1427
0
0
0
0
879
0
0
0
0
0
0
0
0
0
1044
1092
1332
0
986
0
0
0
0
990
1244
0
1239
1116
1304
1381
1377
1427
1543
1205
1506
1446
1676
1576
1398
959
1178
1210
1161
1267
1053
1497
1618
1200
1239
1622
1309
1276
1139
1271
1355
865
1326
1353
1383
1383
1272
1493
1344
1045
1132
1343
1627
1349
1360
1167
1322
1568
1161
1227
1810
1248
1315
1348
1414
965
1484
1341
1122
1491
1167
1491
1338
1330
1357
1300
1149
1169
1329
1090
1000
1165
1284
1155
1330
1437
1262
1107
1154
1195
795
1188
1763
1261
1176
1183
1463
1317
747
1175
1484
1238
1183
948
1526
1769
882
1100
1202
1568
1150
1670
1294
1161
1338
1446
1284
1623
1301
1222
1364
1619
1248
1403
1459
1580
1676
1287
1138
1122
1410
864
1460
1279
1480
1270
1081
1568
1443
1177
1264
1642
1355
1201
1368
1459
875
1114
1272
1426
1116
1239
1237
939
1295
1311
1534
1576
1038
1229
1265
1311
1573
1175
1439
1503
1407
1284
1346
1357
1055
1670
1451
1424
1378
1315
1673
1236
923
1146
1377
1348
1410
1455
1272
1225
1109
1447
1224
747
1769
1300
1276
1183
1512
1484
1491
1638
1276
1314
1294
1351
1328
1391
1176
881
1317
1020
1149
1435
1315
1336
0
0
0
0
0
0
1043
0
751
962
0
0
0
0
894
0
1116
0
0
0
756
0
0
0
0
1006
0
1189
0
0
666
0
0
0
0
0
0
0
833
0
0
0
0
955
0
0
0
0
863
0
0
0
0
0
0
0
0
0
0
549
0
937
0
665
0
812
0
0
0
975
0
926
0
0
0
0
1053
0
0
0
1131
0
0
0
0
0
0
1476
0
1324
0
0
1248
1101
0
0
0
0
0
847
0
0
1058
0
0
901
1224
1178
0
1136
0
0
1160
0
0
0
0
0
0
0
0
0
0
0
1606
0
888
0
1124
0
0
0
0
911
0
971
0
0
901
0
0
0
0
0
0
0
0
0
0
0
0
0
0
0
0
0
0
0
0
0
0
0
0
0
0
0
0
0
0
0
0
0
0
0
0
0
0
0
0
0
0
0
0
0
0
0
0
0
0
0
0
0
0
0
0
0
0
0
0
0
0
0
0
0
0
0
0
0
0
0
0
0
0
0
0
0
0
0
0
0
0
0
0
0
0
0
0
0
0
0
0
0
0
0
0
0
0
0
0
0
0
0
0
0
0
0
0
0
0
792
678
1052
952
615
635
1076
641
754
985
1052
690
831
1113
753
815
866
796
773
693
1262
761
642
711
689
641
1200
754
798
812
761
546
768
798
643
897
833
605
630
759
530
576
926
769
654
935
846
979
541
702
847
773
902
901
810
1270
812
888
862
838
892
1305
932
1071
710
837
728
1024
640
1017
1231
783
576
704
702
641
807
734
718
929
626
930
629
817
1053
674
783
605
629
871
1027
771
966
751
715
849
725
920
970
1088
978
996
571
572
696
932
1054
1381
1391
1067
1395
1586
1163
1352
1139
1320
750
1584
1221
1252
1529
1336
1098
1309
1605
1258
1255
1263
1619
1741
1627
1549
1364
1481
1378
1243
1476
1497
1360
1589
1528
1149
1268
1058
1701
1375
1541
1046
1145
1118
1238
1400
1145
1352
1096
1426
1763
1434
1081
1428
1377
1257
1409
1345
1170
1262
1150
1404
1338
1298
1414
1376
1611
1179
1224
1536
1238
1232
1387
1404
886
1342
1012
1263
1070
1073
1502
1356
1334
1226
1067
1473
1107
886
1544
1303
1142
1559
1353
1259
1607
1107
1094
1734
1462
1170
1228
1375
1288
1259
1316
1211
1719
1490
1512
1419
1404
1358
1568
1260
1156
1451
1666
1337
1359
1280
1643
1153
1226
1314
1283
1172
1422
1375
1166
1386
1612
1441
799
943
1331
828
1132
1441
1201
1092
1297
1402
978
1276
1349
1237
1326
1395
1299
1288
1031
1367
1226
1465
964
1409
1506
1286
1236
1291
1358
1091
936
1748
1288
1502
1236
957
926
1252
1230
945
1297
1332
1178
1302
1190
855
1449
1385
1092
1289
1414
1322
767
1280
1334
1509
1194
1616
1042
1314
1051
1624
1301
1325
1346
1314
1421
899
1320
1445
1532
1173
1161
1714
1222
819
1460
1521
1430
1602
1321
1506
1006
1443
1349
1757
1116
1348
1180
1268
1333
1373
1516
1199
927
1343
1399
1104
1425
1402
1335
1221
1166
1520
1511
1275
895
1201
1297
1266
751
1353
1334
1312
1444
1254
1095
1534
1551
1449
1412
1172
1363
1257
1272
1546
1338
1437
1307
1371
1320
1433
1287
1283
1388
1171
1208
1293
1321
1295
767
1406
1417
795
1411
1279
1376
1172
1306
1317
1308
1077
1177
1292
1473
1055
1289
1293
1332
1198
1386
1190
1532
1455
1077
0
742
0
1009
752
0
793
1023
0
606
0
0
747
0
0
966
599
756
799
811
807
0
648
1055
761
0
0
728
936
0
1006
738
846
0
818
0
0
0
682
888
767
955
0
771
637
0
0
0
0
1121
0
666
1058
0
1022
539
829
0
0
0
0
0
0
0
808
0
0
932
904
780
0
1107
1065
594
0
0
0
694
0
756
0
748
0
900
0
0
0
1037
0
1081
0
0
0
1016
0
0
1052
702
0
0
0
0
0
0
1001
0
1043
0
0
0
669
0
793
0
0
756
0
0
820
0
996
0
0
0
996
0
0
0
0
806
1003
0
808
861
744
661
0
922
946
723
921
641
0
635
1629
783
0
1060
1034
812
0
1399
783
894
0
666
1047
587
0
0
612
0
719
972
872
0
0
1034
0
611
0
870
987
932
1348
0
827
724
823
798
934
827
0
715
943
635
0
0
0
0
826
0
0
0
0
0
1016
962
699
0
715
0
0
1189
0
0
0
819
0
0
1004
736
637
882
0
0
744
784
0
589
0
0
705
0
872
0
0
719
0
983
0
738
975
0
751
0
0
835
757
0
666
581
0
706
0
900
1132
0
767
932
0
0
767
0
0
901
0
0
0
643
758
1053
0
1399
609
0
0
732
0
1071
856
0
808
0
0
712
0
0
0
0
943
541
742
0
0
0
0
962
0
0
1171
0
1023
0
643
0
0
1016
725
0
666
0
0
0
0
0
772
0
964
630
904
898
0
955
0
1070
0
0
0
0
803
0
0
0
755
975
0
624
578
1060
0
0
1187
778
0
0
0
0
848
0
0
0
1201
0
897
0
701
691
0
0
1102
1003
941
1279
0
871
0
0
0
1049
0
911
700
0
0
899
0
890
0
0
678
0
0
1042
706
0
0
0
0
1049
809
0
928
624
0
0
0
911
0
0
0
0
549
0
993
0
0
609
573
0
716
0
0
0
0
816
696
0
937
775
0
741
916
1195
962
0
0
0
855
893
893
1083
623
734
647
849
812
0
0
0
1125
0
683
0
0
1201
1172
0
0
706
796
662
0
767
0
665
871
933
0
0
562
0
0
0
0
788
725
0
1008
885
929
0
0
1049
807
863
975
0
0
0
728
855
735
701
836
758
939
0
0
0
937
683
714
975
0
658
0
0
1018
648
674
965
0
0
536
780
0
1060
812
874
747
0
0
937
0
851
0
0
728
728
0
0
0
0
884
0
623
1132
713
813
0
0
1187
0
850
671
0
1083
0
863
0
0
926
0
1022
713
779
0
0
0
0
755
0
0
0
1159
970
0
834
0
0
907
571
1053
0
801
0
697
926
838
964
964
0
0
0
963
734
995
884
0
691
635
0
0
0
764
0
0
816
0
975
648
0
689
0
0
0
0
1159
0
912
943
768
0
852
836
0
0
0
867
0
0
0
975
0
0
0
0
0
0
0
0
0
0
0
0
0
0
0
0
0
0
0
0
0
0
0
0
0
0
0
0
0
0
0
0
0
0
0
0
0
0
0
0
0
0
0
0
0
0
0
0
0
0
0
0
0
0
0
0
0
0
0
0
0
0
0
0
0
0
0
0
0
0
0
0
0
0
0
0
0
0
0
0
0
0
0
0
0
0
0
0
0
0
0
0
0
0
0
0
0
0
0
0
0
0
0
0
0
0
0
0
0
0
0
0
0
0
0
0
0
0
0
0
0
0
0
0
0
0
0
0
0
0
0
0
0
0
0
0
0
0
0
0
0
0
0
0
0
0
0
0
0
0
0
0
0
0
0
0
0
0
0
0
0
0
0
0
0
0
0
0
0
0
0
0
0
0
0
0
0
0
0
0
0
0
0
0
0
0
0
0
0
0
0
0
0
0
0
0
0
0
0
0
0
0
0
0
0
0
0
0
0
0
0
0
0
0
0
0
0
0
0
0
0
0
0
0
0
0
0
0
0
0
0
0
0
0
0
0
0
0
0
0
0
0
0
0
0
0
0
0
0
0
0
0
0
0
0
0
0
0
0
0
0
0
0
0
0
0
0
0
0
0
0
0
0
0
0
0
0
0
0
0
0
0
0
0
0
0
0
0
0
0
0
0
0
0
0
0
665
0
0
1320
0
0
801
0
0
0
0
1123
1040
0
0
912
0
1598
1427
0
0
0
1179
0
931
0
1220
1310
0
0
0
0
0
890
0
1286
0
1347
837
1230
1110
1351
1451
1211
848
1023
0
0
0
0
1281
841
0
1065
996
0
1017
0
885
0
1176
0
0
812
1342
0
921
1286
0
1107
0
1119
1046
1055
1441
0
1062
1224
1179
0
0
0
0
0
898
859
0
0
999
0
0
0
0
1035
1327
1146
0
0
1018
1046
874
0
0
0
0
0
981
1047
0
0
0
900
1370
0
1233
1070
1235
0
0
0
0
0
1248
0
1146
0
0
0
0
813
0
1349
1423
0
1248
0
0
1033
1086
1179
1327
0
1353
0
0
0
0
0
0
1293
920
0
0
1178
0
1423
0
1046
0
0
0
1089
0
1340
1152
0
1423
1040
0
1165
901
0
0
793
0
0
1053
0
0
833
0
1349
0
1349
995
929
0
0
0
1319
1133
0
983
0
918
0
0
1134
0
0
0
0
1361
0
1379
0
1293
1260
1299
0
1143
1286
841
0
0
1555
885
0
1224
1009
1023
0
1155
0
0
1058
0
1087
983
0
1598
0
929
0
0
0
1595
1080
0
0
1293
0
912
0
1194
0
0
0
0
0
1108
0
0
0
0
967
0
1217
0
0
0
1178
875
1079
1192
0
0
1407
962
0
1203
887
1024
1327
0
0
0
1367
0
1096
0
1163
899
944
1053
0
0
0
1128
1044
0
1061
1053
1013
0
1023
847
1333
0
0
0
0
1078
1438
1136
0
992
0
871
0
845
0
1025
0
822
1095
0
974
0
0
0
795
0
1009
893
1359
1172
1606
841
1236
0
0
0
0
1095
0
847
1113
1157
1095
0
1239
0
0
0
0
1015
1157
1308
0
0
1072
910
0
1280
0
813
0
1254
1033
0
1284
1429
1001
1187
0
934
0
1178
1092
980
1062
0
848
911
1115
0
0
0
0
0
1329
0
910
0
0
1002
1176
0
1042
0
0
1234
970
922
0
0
0
829
0
0
0
0
991
915
1300
0
0
929
986
0
888
0
0
1099
1270
997
0
1094
0
0
0
1001
861
992
1237
990
1109
990
0
974
1152
915
0
0
1173
983
0
0
0
0
1105
0
0
1090
0
1303
0
1015
1099
1106
0
0
1420
0
0
0
1160
1602
1105
0
0
0
1187
0
0
911
0
1176
1124
1076
1046
0
0
0
0
0
0
1133
922
1342
0
1235
1161
0
0
0
0
971
0
0
1396
0
0
0
0
0
0
0
0
0
1420
876
1184
1254
0
0
1329
823
1142
0
1110
0
1571
0
0
1096
0
971
0
0
931
1097
1571
0
1160
1092
0
1233
942
1092
0
0
0
0
0
994
0
0
0
1030
870
0
0
1029
925
0
1044
1167
0
0
0
1117
1015
0
1013
0
1064
0
1117
0
0
0
0
1782
0
960
0
848
1017
0
0
0
1379
943
0
1212
983
939
950
0
0
0
0
0
1195
1321
929
1272
0
1782
911
1452
1434
901
926
0
1212
0
0
931
0
1168
0
1259
1101
1300
1393
1170
1613
1278
1490
1026
1487
1358
1015
1013
1122
1231
844
1338
1175
976
1564
1408
1116
1170
1197
1713
1013
1548
1369
1379
1357
1453
772
1562
1226
1487
1209
1211
1436
1346
1409
1211
1257
1131
1373
811
1403
1474
1158
1371
1233
1209
1316
1478
1357
1558
1428
1003
1261
1575
1395
1478
1289
1382
1127
1281
1374
1438
1446
1550
1400
1177
1564
949
1600
1164
1312
1362
958
1319
1438
1323
1313
1242
1469
1420
868
1317
1438
1373
1383
1334
1224
1416
1550
1087
1179
1255
1224
1350
1232
1152
1026
956
956
1266
1442
1428
1550
1059
1362
1526
1409
1371
1382
1208
1635
963
1547
1380
1400
1224
1244
1491
1120
1291
1358
1244
1181
1487
1114
931
1294
1116
1149
1214
1351
1474
1418
1416
1264
1417
1259
1547
1526
1218
1398
1059
1232
1202
1357
1505
1052
1436
1240
1233
1207
1218
1687
1312
1259
1325
1778
1142
1055
1231
816
1179
1409
1154
1847
1266
1290
981
1436
1382
1641
1219
1209
1441
1469
962
809
1233
1120
1416
1735
1498
1593
1163
1297
1352
1430
1300
1307
1431
1211
1278
1114
1607
1290
994
996
1351
1425
1154
1211
1570
1132
990
1391
1132
1181
1338
1352
1497
1306
816
1086
1575
1327
1431
1158
990
1625
996
1186
1477
1778
1668
1601
1431
1273
1197
1240
1078
1582
1342
1430
1186
1113
1087
1281
1273
1244
1309
1174
1183
1232
1713
1260
1297
1324
1179
1216
1778
1123
1154
1174
1253
1325
1614
931
1384
1439
1202
1268
1294
1287
1416
1394
1388
1177
1384
1253
1416
1526
1052
1199
1174
977
1104
1417
1316
1281
1233
963
1478
1687
1323
1507
1478
919
1625
1847
1382
1188
1468
1470
1357
1260
1117
1177
1624
1034
1457
1299
1477
1218
884
1529
1309
1265
1337
1019
921
1173
1381
1295
1343
1432
1278
1549
1225
1301
1356
1633
917
1247
1416
1395
1146
1302
1554
1223
1497
1582
1572
1459
921
1281
1302
1063
920
825
905
1152
1561
1240
1381
1223
1211
1548
1344
1034
1311
1213
1440
1542
1276
1223
1379
1251
1050
1533
1229
1439
998
1309
1503
1280
882
1251
1468
1400
1306
1328
1134
1664
1385
1402
1585
1261
1241
1431
1245
1384
825
1367
1191
1068
1068
1063
1410
1441
1405
1240
1245
1305
1299
1460
1092
1471
1557
1146
1557
1191
1271
1302
1345
1582
1617
1309
1276
721
1122
1583
1114
1140
1178
1091
1520
1068
1214
1559
1351
1240
1225
1495
1217
1239
1196
1392
1489
1180
1385
1088
1242
1260
1072
1353
1266
1402
1211
1144
1542
925
1465
1223
1294
1306
1309
988
1451
1150
1337
1144
1506
1543
1455
1247
1367
1520
1239
1352
1222
1582
1469
1219
1263
941
1331
1234
1317
1110
1129
1305
1340
1129
1242
988
1227
1342
1234
1423
1392
1363
1070
1466
1177
1114
1410
1042
1343
1366
1392
1197
1466
1406
1356
1356
1535
1524
1179
1298
1441
1252
1367
1209
1617
1125
1000
1250
1366
1190
1284
1351
1388
1063
1522
997
1576
1387
1440
1010
1501
1251
1208
1353
1313
1405
1460
1117
1000
1276
825
1241
1208
1571
882
1366
884
1260
1161
1213
867
1539
884
1276
1387
1114
997
1189
1181
1110
1329
1381
1114
1460
1149
1244
1416
1271
1113
1213
1410
1295
1192
1214
1582
1124
988
1050
1360
1345
1299
1431
1340
1282
1386
1477
1311
1535
1533
1480
1385
1185
1292
1284
1561
1539
1335
1207
0
1177
1174
1314
1620
0
1676
0
939
1153
1650
0
1459
1138
1309
1178
1591
1512
1371
924
1248
1258
1045
1287
1286
1739
1408
1506
1314
1248
1210
865
1139
1493
1353
1270
1355
0
1129
1676
1322
1476
1261
1178
1443
0
1038
1399
1184
1549
1287
1086
0
1245
1304
0
1227
1178
1031
1047
1413
1261
1086
1583
0
0
1392
1276
1331
0
1311
0
1290
0
939
1345
1360
1229
1157
1215
1248
0
1446
964
1506
1031
1474
1227
1270
1459
1460
1183
1132
864
1568
830
1429
1294
1503
1178
1222
0
0
1271
1255
1248
1421
1619
1546
1053
0
1528
1215
0
1377
963
1451
0
1287
0
1244
1398
830
1255
1427
1349
1285
875
1480
1394
0
0
1645
0
1161
0
1258
1516
1642
1345
1324
1560
1304
0
1597
1383
1148
1698
1466
1214
1568
1474
1408
1406
1576
1699
1239
938
1290
1399
1460
1427
1704
1576
1286
0
1429
1252
0
0
1141
1107
1053
1451
0
1045
1225
1377
0
0
1242
1576
1326
1416
1276
1210
1300
0
1231
0
1392
1474
1556
963
1294
1757
0
0
1432
1307
1239
0
1311
1126
1525
1349
0
1594
1650
1594
1381
1368
1229
1632
1480
1222
1256
0
1239
1322
1460
0
1167
1408
1129
1126
0
1135
1047
0
0
1045
1174
1195
1244
0
0
1518
1285
1295
1546
1408
1201
1271
0
1173
1160
0
1568
1038
1556
1503
1217
1237
1627
1475
1081
1131
1230
1699
1210
1161
1258
1390
1116
1248
1493
1353
1426
949
1580
1257
963
1477
1371
0
1270
1239
1309
1225
1475
1377
924
1140
1210
1231
1304
875
1322
1267
1237
1506
0
1178
1421
0
0
1650
1574
1153
1627
1299
0
1352
1205
1295
1422
1162
1135
991
1248
1422
1201
1261
1525
1399
1285
1396
1383
1107
1364
1651
1623
1309
1344
1296
1810
1344
1183
1427
1160
1116
1148
875
1300
1474
1116
1288
1328
0
0
1431
1625
1568
1284
1239
1264
1261
1403
0
1116
1135
1161
1153
1140
1278
1284
1739
1360
1104
1366
1627
1309
1576
1576
1392
1307
1451
0
1141
1177
1406
1574
1285
0
1299
1135
0
1618
1426
0
0
1315
1519
1288
1383
1326
1396
1261
1491
1416
1351
0
0
1340
1259
1276
1328
1139
1311
1161
1526
1366
1000
1180
1410
1673
1200
1410
1451
1200
1225
1079
1236
1332
1499
1193
0
1197
0
1206
1484
1310
1491
0
1499
0
963
1218
1300
1473
1415
1455
0
1196
1491
1432
1315
1384
1243
1133
1523
1093
1011
747
1173
1109
1176
1763
1483
1238
1195
1284
1379
1573
1505
1444
1373
1516
1123
1769
1432
1147
1229
1122
1306
0
1584
747
0
963
1643
1503
1435
0
1488
1346
1330
1553
1133
0
1511
1533
1437
1349
1463
1217
1295
0
1176
1416
1049
0
1188
1346
942
1491
1202
1000
0
1100
1608
1136
1533
1670
1425
1304
1162
0
954
1229
1260
0
1315
1234
1500
1519
1093
1198
0
0
1233
1528
0
0
0
1148
1167
1340
1310
1276
1458
0
1483
1122
0
1330
1289
1433
1348
1603
1319
1463
1608
1125
1460
0
1357
1218
1020
993
1315
1152
1574
948
1285
1149
1304
1284
819
1180
882
1225
1330
1497
0
0
1287
1433
0
1444
0
1733
1216
1284
1643
0
1573
1505
1206
0
1193
1414
1608
1011
0
1484
0
1349
1195
1523
1500
1245
1612
1451
1379
1573
1526
1232
1314
1155
0
1473
0
0
923
1154
1262
1150
0
1433
0
1341
1317
1463
1183
1553
1153
1175
1424
1175
0
1219
1310
1603
1206
1483
1198
1259
1153
1300
1294
1528
1287
1384
805
1516
1289
0
1304
1573
1351
1733
1483
0
1330
795
0
1259
1070
1267
805
1603
1432
1697
1407
795
0
1512
1348
0
1414
0
1188
1139
1484
1375
1228
1276
1328
0
1300
747
882
965
1315
1183
1175
1380
0
1526
0
0
1351
1357
1225
942
0
1338
923
1346
1176
1603
1490
1544
1348
1148
1497
1511
1315
1200
1443
0
1275
1568
1276
1147
1435
0
1090
1357
1568
1603
0
1673
1287
1311
1396
1206
1447
1315
1079
0
1431
1342
1285
0
1144
1202
965
1435
882
1270
1454
1342
1299
1463
1306
1437
1500
1544
1155
1153
1763
1533
1373
1139
1348
1641
1270
1238
1206
1049
1155
1432
1148
1341
0
1443
1218
1295
1304
1733
1580
0
1488
1769
1299
1580
1528
1396
0
1224
1196
1009
915
864
738
1076
920
0
0
1073
1116
751
0
642
0
0
0
0
0
657
1248
819
1240
541
772
1023
1107
0
0
904
0
800
1121
0
1639
0
1441
818
746
1422
864
0
877
1028
0
1217
734
904
0
0
988
0
1016
1370
0
931
1498
1503
0
934
1293
0
754
1601
992
0
1189
0
0
990
811
0
0
1121
872
669
668
0
758
0
1379
1050
0
922
769
769
838
819
742
0
2111
1258
1451
761
0
0
0
1046
1361
692
1705
0
802
920
692
0
0
0
849
855
0
732
1473
922
1417
0
1520
944
989
1025
1058
890
1023
761
841
755
756
0
0
1006
812
0
889
687
759
971
1060
1140
756
847
0
1244
1784
867
0
0
0
0
609
0
0
1399
0
1496
1310
1086
0
807
0
0
1390
979
1004
901
0
936
776
722
783
0
0
712
1380
605
902
0
755
0
1060
1751
926
0
1121
1278
1738
0
1096
1353
827
784
0
0
0
615
0
0
0
1713
0
0
609
0
1782
1416
1165
1165
749
1735
938
1107
684
922
1084
0
753
1353
1106
0
801
0
1025
1608
1589
0
0
1407
655
0
823
0
0
0
864
691
0
1044
808
1467
852
0
643
0
1286
0
738
1089
809
619
1241
707
938
0
0
922
687
0
1614
0
1143
1279
1531
1198
0
674
0
0
0
1046
1316
0
1462
0
834
868
1201
732
1452
606
0
962
993
0
1340
719
875
895
0
829
0
926
1047
0
1369
0
0
0
936
637
811
0
946
649
0
0
0
1053
0
1178
0
1595
784
904
530
0
0
0
0
690
0
818
943
726
693
0
0
932
635
730
1053
723
1189
1575
1296
1399
1235
973
783
666
0
0
1044
1050
730
687
0
983
0
0
0
1507
0
795
867
1328
661
798
1133
0
0
0
1578
1314
688
1270
1244
0
0
1555
0
932
760
748
1441
0
1034
0
1340
903
1351
771
615
1522
0
1235
1224
1528
0
0
560
854
1416
1514
0
1128
1174
821
0
1378
1228
994
0
0
0
1109
683
1347
0
1295
0
761
1010
0
1076
1203
748
0
996
1055
831
931
641
1759
1152
0
952
613
785
1671
0
0
0
0
0
987
0
1044
0
0
1320
905
841
1263
847
1176
0
0
0
798
849
1090
1737
946
0
909
859
0
724
0
519
705
1520
1397
0
678
903
899
0
0
1134
1131
1200
808
1398
1620
953
887
882
1155
0
1481
939
621
1132
793
1058
0
1733
0
767
1074
1327
612
861
641
1151
0
1684
0
0
0
1047
802
1825
0
1248
0
0
1293
613
1163
0
1046
685
0
1124
1306
763
739
939
968
835
1423
955
1407
0
0
1319
1035
0
0
836
593
1146
1178
0
1603
594
1004
0
771
0
1345
702
1629
650
647
828
702
1492
0
1653
1081
1596
886
0
1402
0
1461
0
1037
1730
1017
770
0
0
0
818
592
0
0
1021
0
673
0
921
835
0
612
725
0
630
1438
872
1123
1065
0
0
0
581
792
772
994
0
1025
897
1327
0
0
0
0
0
0
820
0
1348
0
831
1080
971
0
0
589
981
954
813
962
1234
0
715
794
1233
651
1568
0
0
716
0
906
882
635
0
1155
923
1179
694
1034
0
1006
1269
676
0
1320
0
1252
0
0
0
846
774
1033
0
1440
2022
0
640
975
1452
767
0
0
1468
1119
744
0
888
0
0
831
0
660
740
1010
795
0
823
1086
756
882
871
885
1024
1341
0
0
0
1427
1179
0
0
894
1028
794
817
617
849
641
1046
898
1272
1315
0
523
1724
861
651
0
1263
0
0
775
921
0
1235
995
1045
597
1367
978
900
0
0
1451
0
0
0
0
0
1522
0
1043
0
689
1761
0
783
751
1256
874
0
0
0
870
1079
894
0
1024
1051
813
0
0
0
1566
0
0
0
676
1174
0
0
0
1353
1351
1293
928
1555
767
0
0
720
0
0
766
1852
0
900
1232
1482
1563
1265
923
1566
1018
1081
1048
0
656
0
744
0
1401
1485
0
0
829
909
1075
998
658
607
936
0
0
1015
0
0
1248
0
761
0
678
667
0
0
1344
0
1020
0
752
830
986
1033
1476
0
1119
1215
695
1566
0
0
1013
1156
636
1131
0
1286
1293
0
966
827
0
1349
0
1390
0
812
0
0
867
1299
0
0
1260
1748
1151
0
0
1506
1235
1116
0
1598
1146
0
0
761
798
1349
0
0
1514
0
0
1052
783
1629
696
0
1025
1203
0
799
776
797
0
754
1668
1657
0
983
1063
836
1053
0
833
0
0
792
1061
0
0
681
870
859
620
0
0
756
887
1464
1476
0
0
690
0
1462
1291
589
0
1070
635
729
585
780
1539
0
1720
612
1574
0
1452
794
995
0
0
728
0
1602
633
0
624
915
871
964
623
0
775
856
863
930
1567
1172
1340
663
675
758
1834
792
736
915
734
0
0
0
993
822
0
710
0
943
0
649
807
1789
0
848
812
1254
882
1161
0
0
728
680
735
1733
0
0
1389
929
0
1025
0
0
0
1365
0
0
888
665
671
992
0
571
965
1159
1033
1477
0
0
1479
1041
778
1012
1216
0
1434
804
0
728
667
788
0
0
0
1511
847
0
0
1375
578
937
930
1070
926
0
1291
851
880
911
1015
0
0
1342
1381
0
702
1673
749
0
813
0
0
863
0
680
1589
0
0
885
797
0
1569
812
911
0
0
865
0
0
1102
0
816
1414
0
1237
1034
726
1069
0
1060
0
0
0
0
1958
1187
0
1571
778
926
0
1147
0
0
1195
0
852
1490
929
1026
691
0
621
0
0
0
1329
0
0
634
937
0
0
0
0
0
546
0
1468
696
0
0
0
0
989
1520
1220
905
0
0
0
984
996
597
834
953
0
1652
0
0
740
0
0
1388
675
0
915
1277
0
911
0
1511
970
1254
0
0
1654
855
689
0
892
0
1029
1690
1339
975
754
780
1808
1237
0
1409
687
941
884
0
884
1312
1001
1079
1049
905
0
1113
646
1026
899
1591
796
0
1524
775
741
1127
926
1297
0
577
1672
607
1016
1115
1186
926
0
0
995
0
960
0
700
0
0
0
1509
0
0
0
577
810
919
1013
1136
816
0
0
0
836
605
575
966
1109
0
0
1488
1635
990
0
603
0
0
672
1333
645
0
1539
886
0
0
1460
706
0
1054
0
1652
0
1236
1615
0
1201
0
0
1272
850
1063
983
647
1606
1782
0
1602
0
1319
0
953
1329
960
648
734
629
1529
1036
788
1001
990
779
794
843
0
970
1160
0
1343
0
645
0
960
0
0
1117
1049
793
1289
0
973
841
834
1053
1754
0
1821
0
0
0
1022
1143
797
851
1185
684
624
1279
974
922
1281
1034
0
0
649
747
1434
984
0
0
1167
0
1450
967
0
770
0
908
0
1517
978
0
1915
939
0
855
1505
1132
0
0
928
822
0
0
615
882
0
0
1274
717
1254
797
0
0
0
882
980
987
857
896
572
974
893
1405
0
838
0
992
866
678
0
0
0
0
0
0
0
0
0
850
0
0
0
851
834
0
0
901
0
0
0
1636
1015
595
1055
0
0
939
1663
0
842
791
823
1667
898
1305
1542
988
664
0
1632
668
937
823
0
1451
691
1167
964
0
0
0
669
953
887
768
0
0
798
0
713
964
0
0
870
0
734
0
1809
0
0
621
0
683
1641
617
807
1283
890
704
0
0
0
1099
738
0
0
0
1124
0
1618
0
1106
1226
0
862
819
701
939
0
0
828
1221
694
0
1305
0
834
1366
677
0
906
838
1182
1438
0
898
813
867
0
1127
0
0
990
934
0
1579
0
1017
901
743
1092
1398
1076
709
965
1322
779
1033
815
714
1706
683
1015
1537
893
0
609
928
809
0
1438
764
841
1271
928
1693
933
987
836
0
1060
1361
833
0
996
1645
894
0
1071
0
0
1606
1444
974
787
0
1742
1413
893
1157
0
0
829
1429
1034
845
0
1664
0
606
912
0
0
997
0
874
630
0
672
0
641
1176
872
1518
802
1352
0
1320
0
0
821
1002
916
549
0
0
794
999
0
758
1173
0
0
0
809
1564
751
1423
911
0
1090
705
955
0
1576
634
0
843
0
910
1654
756
0
1030
1159
1165
807
771
1412
1251
1303
1027
706
0
849
945
937
1568
1064
867
808
929
0
0
0
1688
0
0
691
0
1064
1230
0
921
805
1022
0
902
0
729
701
904
1545
1227
980
559
0
0
927
876
704
1369
582
0
1357
803
674
665
0
1396
0
1484
1124
1464
748
0
0
820
714
1705
1212
0
1702
617
641
767
0
1398
0
0
836
940
915
0
1173
964
838
0
676
0
0
0
0
0
718
0
1051
780
0
1034
1397
0
1485
0
0
1159
855
659
576
616
0
1697
1976
0
1176
680
824
1054
0
0
1176
0
1270
1308
910
795
1312
1519
0
0
783
1152
932
1682
0
662
626
1021
928
0
907
728
0
848
0
636
1132
623
1368
718
0
1142
929
0
767
915
0
0
1049
795
1010
1300
0
0
1642
0
0
1280
965
833
1130
1172
737
1704
0
1116
1083
1184
0
990
0
1321
2034
1017
0
0
839
0
0
674
1289
0
0
1273
0
658
958
592
0
0
0
0
860
975
729
963
0
1155
0
1576
1342
1099
0
0
912
1526
1235
0
678
0
926
1018
1218
0
0
1046
1493
1116
1148
958
0
1264
1179
1139
1242
1297
1576
1297
1175
1200
1214
0
1568
1160
1368
1556
1174
809
1383
0
1314
1241
0
1158
1739
1293
1293
1272
1366
1383
1466
1408
0
1344
1400
0
1498
1347
1418
1233
1055
1574
957
1010
0
0
1576
1217
1526
1452
1147
1233
0
0
1287
1420
1303
1078
1810
0
1316
0
1105
1230
0
1013
1132
1649
0
0
1847
1231
1179
1403
0
0
943
1215
0
1371
0
1260
1081
1404
1278
0
1058
1315
1173
1380
1177
1713
0
1298
1476
1179
1373
1161
1342
1122
1589
0
1658
1132
1383
1276
1369
1398
1375
0
1477
1285
1252
0
1324
1081
991
1258
1565
1583
1497
1271
1194
0
1334
1120
1311
1810
1311
1290
0
1352
1003
1145
1219
1270
1211
907
0
1256
1045
1307
1285
1378
1294
868
1422
1174
1487
1560
1288
1329
1399
1307
0
1432
1371
1410
1183
1140
0
1382
1475
1352
1377
1142
0
1328
0
0
1388
1309
1568
1583
868
1294
1225
1379
1690
1294
1264
1459
1408
1323
1302
0
1337
0
1309
1364
1233
1264
1550
1426
1290
1475
1327
1482
1509
1687
844
0
1371
1323
0
1431
1160
1619
1334
1288
1141
1375
1223
0
1478
1493
864
1156
1219
1379
1519
1245
1568
1734
1178
1209
1274
830
1239
1139
0
1560
0
1177
0
0
1394
1113
1295
1256
0
1040
0
1162
0
1164
1361
1154
1096
0
1434
957
1568
1398
1778
0
0
1355
1278
1776
1231
1360
0
1550
1183
1127
1668
0
1094
1317
1392
1291
1399
1248
1410
0
1238
0
1306
1116
1116
1290
0
1261
1087
1342
1541
0
1184
1363
0
1480
1415
0
1209
1211
1055
1304
0
0
1584
1122
1712
1570
1467
1101
1311
1346
962
1462
1446
1297
895
1314
1208
1120
1045
1273
1399
0
844
1352
1398
1356
1116
1300
1167
1371
1618
1331
0
0
1600
1127
1229
1313
1044
1170
1629
1394
1646
0
0
0
1331
0
1211
1349
1240
0
1135
1281
0
0
1435
1460
1132
1174
1210
1377
1459
1138
1265
1375
1241
1163
0
1143
1422
1127
0
1240
1568
1045
1279
0
977
0
1373
0
1410
0
0
1642
1438
1473
0
1331
1284
1460
0
1632
1135
1026
1278
1646
1294
1426
1518
1261
1309
1416
1429
963
1232
1570
750
1154
1233
1352
1369
1466
1257
1525
1217
1474
1325
0
1344
0
1645
0
1493
1139
0
1175
0
0
0
1248
956
1096
1276
0
1614
0
1407
0
0
0
821
1197
956
1122
1431
1338
1699
0
1543
1699
959
0
1366
0
1296
1417
1377
1463
1202
1110
1092
1343
958
1053
1135
1245
1270
0
0
0
0
1086
1371
1116
1163
1407
0
1459
0
1326
1116
865
990
1316
0
1259
1430
1274
1396
0
1238
0
1583
1297
1242
1287
1362
1704
1586
1474
0
0
931
1309
0
1163
1093
1632
1382
0
1414
1143
1178
1346
1201
1260
1270
1394
1713
1419
1131
0
1143
1404
1287
1352
1126
1325
0
1583
1382
0
1126
1374
0
0
0
1705
1430
1215
1297
1382
1439
1161
0
0
1311
1199
1345
0
1441
1395
1345
1098
0
0
1287
919
1127
1381
1607
1332
1210
0
0
1226
1381
1271
1086
1193
1107
1221
1241
1299
1379
1298
1207
1219
1410
1438
1182
1642
1113
1337
1479
1245
1253
727
1436
1312
1231
0
1383
0
1182
1491
1133
1518
0
1635
0
1422
0
963
1342
1451
1408
1224
1421
1107
1594
1255
1257
1284
1326
1196
1586
1129
1549
1343
1409
0
1263
1392
1622
996
1281
0
1158
0
0
1403
1358
1358
1244
1432
1304
1469
1107
1441
1297
1247
1547
1258
1519
1574
1059
1285
1290
1186
1451
1116
1619
1104
1202
1178
0
1307
0
1300
1487
1386
0
1371
1327
1309
0
0
0
1763
1239
0
1491
1230
1810
1431
1319
1428
0
938
1294
1417
1096
1442
1252
1132
0
0
1395
0
1650
1580
0
1487
1381
1207
1233
963
890
1304
0
1281
1242
1164
0
1291
1399
1287
0
0
1160
1067
1490
1287
1666
0
1244
0
1349
0
1474
1531
1296
0
1353
0
1391
1055
1229
1224
1244
1186
1218
1564
1147
1152
1244
1421
809
1131
1564
0
1270
1135
1256
1474
1270
0
1237
1131
1288
1287
1384
1145
1635
1399
1242
1226
1575
0
1698
1237
0
963
1290
1548
1594
1104
1199
1381
0
1348
1299
1329
1484
1386
1180
1086
0
1217
1104
1413
1273
1210
0
1208
0
1546
1478
1258
1221
0
1238
1153
1324
1261
1493
1283
0
1248
1847
0
1167
1589
964
1338
1441
0
1607
1272
1439
1646
1352
0
1480
1438
1351
0
0
1123
1241
1360
1536
1380
1003
0
1118
1360
1070
1497
1601
1427
1283
1348
1299
1593
1270
875
1374
0
0
939
1481
1344
1239
0
1442
1306
1409
0
1157
1507
973
1557
1591
1259
0
1013
0
1478
1324
0
1357
1139
1705
1528
1582
1271
1250
1386
0
1490
1570
1512
1757
1575
0
1341
1625
1601
0
0
0
1116
1477
0
811
1397
1255
1248
1625
1526
1270
1306
0
1398
1391
1546
1418
1548
1214
1161
1739
1387
938
1643
1316
1225
886
1329
1478
1316
1148
1516
1441
1116
0
1120
1314
1403
1290
0
0
1352
1248
1392
0
1287
1432
1568
0
1408
1201
1158
1546
1346
1246
1690
1528
1276
1244
0
0
1211
1325
0
0
1086
1138
0
0
1239
1309
931
1142
1353
1132
1156
1299
1403
0
1460
1236
1047
1205
1701
1112
1594
830
1605
1627
0
1147
1299
1489
0
1088
0
1129
0
1136
1439
1348
0
1444
1392
0
1349
1318
0
1396
0
1275
1407
1379
1309
1415
1509
0
1447
920
1383
1559
1440
1228
1150
1245
1190
1305
1053
1271
0
1430
1283
1310
1379
1655
0
1500
1306
0
1223
1298
1239
1193
1139
1278
1392
1166
1765
1287
1444
1491
1179
0
1251
1195
0
1366
0
0
1173
1511
0
1329
0
0
1216
1231
1300
0
1190
1638
1384
1332
1000
1299
1221
1229
1557
1354
1297
1240
1329
1573
1201
0
1181
1279
1070
1217
1079
927
1431
0
0
1124
0
1523
0
1313
1460
0
1275
1452
1409
1342
1211
1416
0
0
1305
0
1487
1565
1340
0
1214
1459
1602
1131
0
0
1357
1002
1342
1331
1321
1463
0
0
1264
1152
1463
0
1503
0
0
1443
0
0
1343
1109
1292
1185
1349
1196
1352
1304
0
1561
0
1328
0
1584
1443
1161
1167
1337
1666
1192
884
0
1484
0
1298
0
997
1451
1181
825
0
1290
0
0
0
0
0
0
984
0
1251
1315
867
0
1275
1315
884
1439
1224
1769
1720
1502
1579
1020
1234
1488
1339
1011
1276
1178
1208
1070
0
0
0
943
1330
1311
1313
1575
988
1736
1093
1072
0
1014
1624
1341
948
1574
1222
1229
0
1447
1366
1317
1319
1116
1360
0
1421
0
1197
1172
1180
1117
0
1535
0
1465
0
1351
1373
1289
1122
1223
1460
0
1266
0
1656
1335
0
1034
1070
1280
0
923
1152
1292
1459
1286
0
0
1315
1330
1325
1188
1243
0
1150
1181
1214
1488
0
1120
0
0
1196
1345
0
1155
1110
1175
1263
917
1424
1343
0
1386
1324
1497
1267
0
0
1232
1299
1328
1414
1532
0
1347
1488
1165
1316
1192
1346
1338
1021
1245
1122
1543
1242
1068
881
1198
1528
1294
1317
0
0
1125
1100
0
1491
1603
0
1571
1457
1364
1464
1148
1114
0
0
0
1341
0
1197
0
1373
1180
1495
1223
1183
0
1309
1495
0
1197
0
1315
0
0
1236
0
1050
1288
1505
1332
0
1316
1308
1553
1582
1307
1068
1342
1358
0
1298
942
1485
1357
1275
0
0
795
1149
1292
1445
1294
1354
1433
0
1180
1533
0
1330
1155
1441
1218
1763
1299
1769
1344
1217
1441
0
1225
1330
0
1484
0
1532
0
1285
0
1511
1409
1180
0
0
0
1153
1207
0
0
0
1304
1272
1603
0
1375
0
1638
882
1733
1326
1236
1292
1122
1090
0
1211
1079
1236
1192
1602
1425
747
1337
1503
1252
1357
0
1358
1407
1533
1405
1272
1198
1416
1034
0
1055
1314
1340
1432
0
0
0
0
1356
1440
1518
1271
1280
1206
1247
0
1184
0
1386
1528
1528
1384
1229
1283
1284
1573
0
1585
1175
1213
997
1387
1331
0
0
0
1116
1276
0
1391
0
1375
1765
1219
0
1455
0
1528
1284
1309
1318
1232
1748
1477
0
1477
0
1110
1291
921
1587
1178
0
1376
1490
0
0
0
1266
1200
1198
1314
1114
1276
1491
1338
1473
1270
0
882
1302
0
1319
803
0
1321
1190
1275
1250
0
925
1185
815
1509
1210
1449
1296
0
905
1714
1063
1107
1410
1219
1123
965
1259
1525
1292
1332
1573
1346
1250
1301
1063
1295
0
1134
1196
1219
1402
1385
1297
0
1179
1280
1330
1488
1513
1288
1443
1242
1055
1270
0
0
1302
0
795
1497
1603
1169
1451
1264
1232
0
1303
1363
925
1423
1307
1148
1414
1396
721
1670
988
1471
0
1311
1259
767
1188
1192
1155
1282
1173
1107
1315
1259
0
1503
1352
1317
1271
1524
1528
1244
1529
1311
1219
1142
0
1432
1460
1398
1252
1249
1585
0
0
0
1125
1146
1520
1233
1360
1451
1673
1402
1351
941
1285
1180
0
970
1249
0
1199
1440
1332
1460
1179
1153
0
1200
1501
1312
1138
1217
954
0
0
1206
0
0
1388
1149
0
0
1300
1353
0
0
1238
1366
1259
1093
1568
1557
1454
1373
1114
1574
1114
1673
1330
1167
1262
1440
0
970
1165
1206
819
1276
1148
0
1329
1349
1291
1167
825
0
1505
1378
1542
1291
1262
1152
1375
1288
1240
988
0
1272
1503
1511
0
1211
0
1460
1419
1028
0
1557
1329
1068
1216
1095
1289
1146
1115
1533
1398
1414
1176
1616
1433
1311
1348
1271
936
1389
882
1213
1388
1222
1268
0
0
0
1529
0
963
1177
1348
1218
0
0
1214
1733
0
1516
1306
1305
1412
0
0
1664
1185
0
1546
1236
1091
1000
1302
1336
1584
1315
1260
882
1345
1494
1348
1433
1373
1178
1316
1763
1491
0
1295
1477
1406
0
1234
1176
0
0
1100
1492
1528
0
1491
0
1091
1209
1484
1295
1506
1526
1410
1414
0
1154
1387
0
961
815
948
1155
1407
1092
1322
1484
805
1314
1206
923
1384
1340
1118
1162
1282
855
1617
1205
1554
1306
1177
1532
1261
1261
1432
1617
954
1440
1096
1410
1608
0
1346
808
1242
1295
1173
1196
0
1270
0
0
0
1367
1170
1116
0
1032
0
1468
1582
1234
1519
819
1213
1125
1425
0
1304
1202
1483
0
805
0
0
0
1254
1369
984
0
1254
1417
825
1203
1356
1260
1206
1543
1315
1147
1454
1246
1315
1223
1238
1603
1223
1399
0
1240
0
1183
1294
1131
1150
1229
1416
0
1612
1379
1342
1096
1210
991
1460
644
1473
1284
1424
0
1697
0
1230
0
1484
0
1500
1088
1472
1405
1176
1320
0
1223
1435
1229
1185
0
1263
1483
965
1180
1520
1306
1074
1031
1058
904
1158
1441
0
827
1312
1420
872
1441
1281
904
1043
1355
1271
0
613
1568
650
0
1309
1493
0
0
0
0
844
894
1526
0
0
0
1679
874
0
1397
962
1242
1217
0
1242
1172
635
720
0
1022
1408
1293
1589
1493
0
523
830
1580
0
1307
1598
1080
1460
1377
0
784
1526
719
1591
0
908
726
767
0
1061
1044
0
1369
1211
0
756
0
0
1258
1377
0
1116
1264
1248
1360
1316
1122
0
1050
1349
0
1365
744
1055
1139
827
922
1342
978
1394
1408
926
1086
1427
990
1178
0
1620
1260
1409
1022
0
1338
1040
0
1593
0
0
823
1382
0
1127
1658
1337
0
1570
1759
0
1222
751
962
0
1096
0
847
1081
1173
1250
0
0
0
813
710
1429
1378
1112
1394
1268
1490
956
1174
671
1728
1028
1294
1203
1399
0
0
776
1464
1110
0
1232
812
1525
0
1245
0
601
0
0
1562
1037
1258
1491
689
0
814
0
1393
1264
1392
1398
0
939
1006
1584
1062
1128
1178
1299
1432
1469
1402
1343
0
0
1045
1233
1053
0
1312
886
0
1735
0
890
1425
798
0
847
1509
1359
1194
1081
798
0
1560
1543
1046
939
0
0
1416
1188
1314
821
955
0
0
1294
750
1307
1207
685
1201
1784
0
0
0
1453
1189
1352
1309
0
1140
0
846
1403
1778
648
1326
0
1397
1475
1271
746
840
1290
0
1230
0
1358
1555
0
0
1165
1151
0
791
887
1514
1118
811
0
1323
0
1358
1575
0
1337
1046
1245
1671
1286
1825
1713
0
952
0
959
611
935
715
1116
1490
773
960
1248
0
1360
0
589
715
1070
744
1178
1081
1670
0
1304
1167
1094
1467
1566
1148
0
1562
0
0
1120
0
1505
1474
1294
830
0
1132
1386
1497
0
0
1382
1233
1044
874
0
0
0
0
0
0
819
2045
1482
1260
685
1810
813
943
0
1575
1397
1165
1451
939
1174
1167
1418
0
0
1334
849
1135
1668
0
1133
1309
0
0
0
0
0
1267
1283
1297
0
1352
0
1119
1381
1416
0
1402
1438
829
0
0
1398
1086
1311
852
1353
1170
0
0
0
1261
1132
0
1013
0
1568
1157
1303
678
1340
1350
1194
1134
835
828
0
1395
0
1252
0
1210
837
1219
1040
0
864
1646
1293
0
1278
1326
964
0
0
0
1325
1741
993
1503
1396
1216
864
1131
0
0
1211
761
0
1512
1107
1733
1242
1400
1576
0
0
1493
0
0
0
1399
1392
968
1184
953
1575
1309
0
1541
0
0
0
1429
1395
1058
996
1650
1158
1310
0
1216
1145
885
1222
844
1374
1316
1699
1474
1386
1331
1300
0
1550
1089
1239
853
0
688
1478
1751
1143
957
1612
827
875
1578
1110
0
1093
1024
1349
1121
1393
0
1076
934
630
1343
956
699
648
692
1062
1698
1259
1237
0
1281
0
0
0
1466
1891
801
959
1555
1459
966
1355
1210
0
1309
1153
0
957
1534
1323
1165
1025
0
0
1205
1593
1392
709
1241
779
0
1525
833
1154
1025
0
1381
905
1272
1635
1035
1226
0
1595
1297
0
1427
1284
1431
1221
1207
0
834
1243
1589
1386
0
1608
1653
0
1370
1281
1357
1177
1258
1174
868
1231
0
1620
0
1205
1353
1191
1828
1231
0
1474
0
0
560
0
1459
1460
0
779
987
0
0
1564
1324
1071
0
920
0
0
0
0
977
0
1148
956
0
976
0
1451
1533
0
981
1509
0
0
1127
1543
609
1009
0
1040
1245
1294
967
807
1217
1114
0
1215
894
0
1724
946
0
1467
925
761
1317
1478
894
1478
1289
1267
750
0
0
949
1528
0
1209
1255
1268
780
0
1126
1232
1299
0
0
982
0
1258
1368
641
0
935
724
1377
1070
0
0
0
592
1815
1261
1347
0
1060
1256
1186
1161
1297
943
1052
0
1487
1209
734
1034
706
0
867
1231
889
1257
1217
0
886
0
1308
1016
1451
1123
711
1512
0
1202
1466
740
0
0
0
1594
1383
606
1260
802
725
1055
1244
0
1645
1622
722
1324
1257
0
0
0
0
1459
1010
1281
900
0
0
1107
1403
801
1406
1776
0
0
1240
1221
962
1038
0
0
1620
1564
1550
1514
1379
1322
1467
1435
1024
963
1163
1261
917
1186
0
636
1024
624
1265
0
0
1366
0
990
0
1146
830
1237
1603
931
711
829
1325
1028
1300
1427
994
1635
1375
1476
535
1338
1556
1090
0
666
1410
1614
0
1432
0
816
945
1381
0
0
1446
1210
1215
1476
1193
757
1048
1435
0
1311
1264
1607
1566
1287
0
773
1668
0
0
1161
1758
1214
1086
1122
0
676
1234
1316
1177
1379
0
1446
0
1346
1335
0
929
635
1248
1157
687
0
1050
982
1503
1279
1247
0
1263
1481
1306
1574
0
1307
1163
1092
0
1569
1625
738
0
1349
864
1084
0
0
0
1134
0
1311
0
1522
0
0
1705
1639
1526
1737
1541
979
0
0
674
0
1232
1351
0
1259
1476
1778
1396
962
1307
904
1244
593
1469
654
1016
847
1248
0
1780
1076
1316
0
1323
798
1541
1256
0
1301
991
958
1525
1065
826
0
1227
1297
1558
1477
1735
1063
1366
1270
1351
752
0
1331
914
0
0
1379
1625
629
0
1311
1228
1143
1041
0
1132
1446
0
1331
814
0
1163
0
932
1165
1701
612
1649
761
1271
873
1143
0
1298
0
1253
1229
1242
0
732
1113
949
1226
1555
1344
861
939
0
0
900
923
0
995
1183
1340
0
738
1145
1326
1215
1325
1096
971
795
994
1273
1171
1309
0
1086
1170
1351
666
0
1045
1087
707
900
1127
0
744
983
1757
1629
1149
1255
0
677
964
983
1215
772
1390
0
0
0
0
0
1234
1497
890
1023
0
0
741
907
1451
0
826
0
812
1128
0
1293
1016
0
0
599
0
1522
1894
0
1311
686
1416
1009
0
817
0
0
1061
693
0
1391
1410
1439
1313
1627
1380
938
1044
1595
1390
0
615
1528
0
1443
1215
1401
1645
1324
0
1642
727
1657
1420
0
1299
1201
0
0
1060
1153
1309
1651
1792
0
1288
1286
0
1139
771
1334
1255
0
724
0
1193
613
1224
0
0
0
1597
1177
0
1114
1174
809
0
0
1763
1371
0
864
878
1560
1291
702
988
0
1778
1348
1225
0
1399
1345
1174
0
0
1348
0
1345
1381
1244
1404
0
0
0
802
0
1422
1249
0
1568
1345
0
950
1010
949
0
0
0
0
0
0
705
809
0
0
1320
1658
1364
1163
1592
0
1033
806
0
831
1371
1131
1438
1124
1307
1264
1116
1244
1487
1338
0
983
1211
1278
1426
0
0
997
1013
1230
1224
1349
1309
1712
0
1235
1080
716
0
898
683
1378
581
771
0
1024
983
0
0
1086
830
1035
1058
1276
968
962
1024
1285
1160
0
1373
946
0
0
0
0
1493
904
1281
0
0
0
1557
1353
1261
0
1255
818
1073
1430
0
1345
875
596
1313
1265
1298
1220
1436
1327
1246
830
0
1225
1358
0
0
1650
0
0
1322
650
1352
0
922
1586
1127
1304
1279
0
1359
0
0
1005
0
1266
1129
1408
0
996
1214
824
1407
0
0
0
0
1178
1312
1217
1233
0
1172
0
1210
1704
0
1294
1329
0
0
1575
0
0
751
1376
0
1053
1567
1179
736
1434
967
1446
1371
0
0
0
872
687
669
0
0
1539
1303
0
1628
1164
1425
1241
1131
1386
1141
712
0
0
1535
1576
1422
1047
1496
1211
1451
1778
1208
1081
1152
1149
971
1476
1295
1016
1209
0
0
0
1391
0
838
965
1318
1460
830
1497
1227
0
1341
1698
730
1088
1417
977
0
994
0
838
747
0
0
0
1295
1460
1006
906
0
1008
0
1131
1485
1407
1607
1370
0
0
1264
1735
1091
781
0
1279
812
0
1477
1043
1531
0
0
1240
1442
0
1256
1152
1699
1259
850
0
0
0
0
0
1299
854
1852
748
799
0
1121
1320
846
1179
0
894
1383
0
0
1614
0
0
1512
1560
2022
1693
956
1423
1052
1272
1135
1149
0
1006
1278
0
1642
1480
1474
1576
1200
1367
961
1300
0
0
0
1509
1262
1327
1251
0
618
929
0
1574
1114
1745
983
868
0
1676
611
0
827
1195
954
1024
0
0
1466
0
0
1528
0
1286
1428
1518
1140
1739
0
1257
609
769
1107
1507
1198
909
1288
1248
819
1382
1375
0
1259
1160
0
1408
1419
1286
1548
792
978
836
1297
1487
1490
1200
1304
0
0
0
1015
0
1325
0
792
1228
1401
1547
642
1053
1245
787
1568
1131
0
1248
0
1305
1170
1422
795
1058
952
1271
928
1200
1132
1620
1132
1078
0
1375
1004
1414
772
0
1163
1382
0
661
1383
1281
1197
0
991
1519
0
1377
1632
0
0
1128
1673
0
0
0
655
923
0
1019
868
756
1224
1239
0
0
0
1211
0
0
802
0
1516
0
691
1739
725
1552
1045
0
1370
1065
0
1428
1347
1431
0
0
875
1296
1374
0
1384
919
687
1189
0
1625
1279
1087
704
566
0
784
1096
754
775
1557
808
1556
761
1591
742
648
1407
1295
1222
1235
0
1649
1238
1179
1364
1474
952
1462
1270
0
1218
1297
0
0
1379
1244
742
0
1684
0
1474
1497
0
1156
1666
921
966
1344
0
1645
0
1618
1548
1192
0
1438
1314
1625
0
0
1399
0
1514
607
0
1178
1255
0
1284
1641
1201
1622
1239
1761
806
0
1086
1279
1346
1476
977
736
690
759
1167
1286
1369
1246
1293
0
1129
0
1352
1377
895
0
1224
0
0
1161
1583
0
0
1399
0
1211
1418
0
0
1605
1135
769
0
1139
0
833
1408
1132
1158
0
0
1257
1211
0
1046
776
897
1237
1116
1287
800
868
879
1607
1570
1547
0
0
1281
1310
0
1625
1202
0
1375
1730
1568
1116
1178
885
648
1005
0
1618
1623
0
0
0
0
1459
1131
805
1340
1337
1239
0
1290
1202
0
1422
2111
0
0
1320
1506
1529
1323
1419
819
1053
0
0
0
1404
836
1633
676
0
0
956
1667
864
0
1280
1075
831
1436
1496
1148
1369
931
1285
1258
1116
851
1402
1019
0
1416
1357
1847
999
975
1174
1547
0
1761
1550
1065
926
1270
0
0
1205
1526
0
1291
748
0
0
635
1361
1774
1419
0
1183
0
1129
0
780
1524
807
1227
1501
1506
1302
1185
1360
795
1245
0
1521
1338
974
1571
747
0
1340
1388
1180
893
1400
896
1044
1102
0
0
1314
1263
1095
0
1183
847
0
0
0
1042
825
795
1083
0
869
1602
939
954
849
0
0
1272
649
924
1808
0
734
1213
892
1064
1425
1250
0
0
1251
1387
792
0
0
1365
955
1229
0
1062
1229
0
1340
549
905
0
1321
0
0
1367
1509
1008
825
1142
1301
625
1284
878
1425
1338
1477
1016
1299
1444
1379
671
1195
1177
0
1576
925
0
1551
871
1109
922
809
1411
1092
1277
1469
0
1155
0
1133
1702
1264
0
1406
0
1343
741
1214
791
1602
1036
0
966
0
0
0
892
1417
1577
997
1092
1381
1505
1310
0
1348
1682
1535
915
1483
0
0
0
1460
1511
0
0
787
912
960
1497
0
1311
1388
1520
1222
0
755
1733
1432
1317
1309
1197
648
729
0
0
884
1298
1433
0
1319
0
851
0
892
1444
1007
1625
1136
0
1720
981
0
1224
1370
0
1303
0
1134
1140
1318
0
1049
1150
0
1375
0
1259
1342
1264
845
1583
1033
1232
838
0
1176
0
1398
769
0
987
1513
1520
0
1425
1178
953
1310
1540
1192
0
728
0
1014
1375
1483
0
867
1568
0
1544
1906
0
1185
1014
691
1509
886
1144
0
971
0
0
1733
0
1384
0
1460
1447
1415
0
718
971
856
0
1524
0
1409
1059
0
1195
0
1064
1379
0
0
0
1034
1147
1405
816
1376
612
1441
1407
838
0
0
1251
1506
1450
0
0
645
0
1603
1431
0
0
1379
0
0
1281
994
1463
1357
1249
706
0
1097
1266
971
1497
1433
755
996
849
1214
794
1197
1452
1763
1149
1334
1230
0
0
1042
706
962
710
0
0
1501
1236
0
871
1099
1195
0
0
941
1299
770
1198
1454
1276
1150
0
1246
0
921
1100
1387
829
0
1603
0
1155
0
0
0
700
912
1245
1484
1305
1240
1395
991
1830
970
0
0
0
1088
862
1284
1248
1438
0
1122
1206
1252
1324
1017
0
609
1293
1148
1396
0
1550
0
941
0
1275
1557
1302
1420
954
1284
1573
1432
0
1367
848
1356
780
838
788
1561
1509
0
1063
0
1015
1070
1337
1154
1500
0
1533
1182
0
1603
1117
992
0
833
0
1041
1181
0
948
1335
848
1432
845
0
1116
1302
0
0
1312
1163
1057
1617
0
1342
0
1148
747
988
687
0
1114
751
926
1330
0
901
0
1213
0
1292
0
734
1194
0
923
1299
0
1423
597
1280
0
1279
1107
1268
1765
1338
885
0
1433
1328
1265
644
1192
1000
955
1215
1146
1375
1582
0
0
0
0
1449
0
1895
0
702
1155
0
1505
0
1373
0
1053
536
1524
0
922
0
978
901
1414
1301
843
1419
0
1523
637
1173
1386
0
0
1068
0
1782
0
0
0
1356
0
0
1196
1239
911
1185
0
1214
616
689
1144
0
0
0
898
815
1608
1330
1680
0
1440
1332
0
1390
1612
1516
0
789
0
1518
1161
1477
1477
0
1037
1234
939
771
1533
1299
1388
0
1228
1313
1207
1195
0
1198
0
1386
634
803
1482
0
1024
676
812
1090
1311
0
915
1560
0
1488
743
1106
1747
0
0
1091
1260
1129
1259
1319
1196
1090
1295
905
1011
1638
1769
1582
915
0
783
0
1378
1223
1002
1001
863
1282
1109
0
1405
1302
0
0
1281
0
0
0
1003
1357
1606
0
926
1219
0
1139
0
1026
1455
0
1179
1230
1211
734
899
0
1431
0
1219
1652
0
1017
0
1034
888
1206
1329
992
1114
1459
1192
0
0
1412
855
1068
0
937
775
748
1477
911
706
920
1522
1055
1582
0
984
1089
592
1366
1118
1444
0
1757
803
1153
1291
0
920
0
1516
855
596
1259
1311
1484
0
0
0
1954
0
801
1092
0
1412
0
0
1407
851
0
1294
1315
969
981
1606
768
919
937
837
706
0
704
874
0
1392
1782
0
0
0
994
941
971
1055
0
1349
0
767
0
634
943
1239
995
1317
1210
1361
1463
1152
1334
1342
0
1506
0
0
662
899
829
1704
0
0
1512
855
1301
2034
1433
665
1549
1488
1340
1223
1251
0
1402
1549
0
1361
1402
0
1116
928
0
0
813
0
1000
0
1342
0
0
1392
910
1133
1053
633
1033
626
1127
573
1569
0
0
1408
1212
0
1122
1391
0
1140
1400
0
1685
1175
571
1513
0
967
1373
0
1491
1107
0
1409
726
0
1271
1445
679
1603
850
1460
1525
0
0
1276
1519
0
1952
1368
1302
1176
0
0
975
1276
0
0
1144
0
1001
1060
1608
1387
1305
1229
1020
1292
1488
970
0
1458
664
1025
1104
1063
0
1225
1553
744
1389
0
1337
801
1564
1439
980
0
0
0
943
1308
805
1284
0
1190
0
678
0
1153
746
1335
0
0
1212
0
681
1273
1348
905
0
1439
1297
1603
1134
0
1011
0
915
1225
1203
1418
964
0
674
836
595
611
1293
0
1202
0
1360
0
1201
838
0
1131
1002
0
1070
990
0
1223
1381
0
0
1330
1532
850
1206
0
1441
1114
1459
1208
1356
779
1175
1603
1348
1377
0
577
1411
1219
1077
1214
1315
0
1314
0
1295
0
895
1090
998
1763
1691
1217
1254
1013
1306
1460
0
913
1079
0
1142
1072
0
0
1358
1602
1219
1573
0
1124
1136
1349
1225
0
1483
928
1317
1492
1643
1605
1356
1301
0
0
1090
1125
578
0
636
0
0
1354
0
1396
1298
1406
1578
1276
0
1769
1821
0
0
0
0
1179
1340
1162
0
964
1315
740
0
1583
860
0
990
678
1490
0
0
1147
823
1304
0
1299
1339
1495
0
1379
0
1571
1117
0
1071
0
794
0
0
979
0
1148
0
0
0
701
1697
750
0
1460
0
0
967
1184
0
1214
897
665
0
754
1351
775
1410
0
0
1435
0
810
1000
1331
1006
1015
919
1247
1424
1278
1447
1227
864
1011
1373
1094
1495
808
1239
0
1244
1017
1410
0
0
880
869
0
0
1208
904
1483
0
1257
1042
1396
1434
1532
854
1165
0
1340
1346
984
890
1490
1743
805
1305
1398
798
1092
1342
0
1124
1357
0
0
0
1272
1342
1603
1242
1377
1416
942
1351
1455
0
0
1416
1047
1144
0
0
0
1568
1401
1574
1437
1351
0
1267
929
1280
1152
1183
1483
1444
1367
0
1516
895
0
0
0
1208
1358
0
0
0
1544
0
1544
1330
1238
0
1245
1218
0
1567
1437
549
0
1322
1310
1458
663
1311
1529
859
0
1357
1124
647
1167
721
1115
761
1528
0
0
0
845
1122
1315
1305
704
1652
1109
830
0
836
0
1333
1309
865
0
1317
582
1465
1026
1043
626
1279
1234
0
0
911
0
0
0
1034
0
1144
0
1312
975
1155
1295
1087
0
664
1296
1281
942
1259
915
0
890
937
822
1153
965
923
1280
636
1077
735
0
0
0
0
0
728
1178
1414
0
1122
1329
911
1485
0
1453
0
1413
882
809
1173
1488
1229
1320
0
1491
1533
1139
1028
1319
1342
0
0
1233
1377
1099
1146
0
681
1431
0
1305
1007
923
0
1124
0
0
0
1116
588
1460
1551
0
0
1385
0
1234
737
0
1260
1157
615
0
1331
882
834
1275
1396
644
895
926
687
0
680
1451
0
1216
1282
0
0
0
1132
975
0
1197
0
0
0
0
0
1393
0
0
0
988
1273
1015
965
0
0
0
1451
998
1012
0
696
1309
1430
1310
0
0
901
1132
836
752
1356
1330
1275
1034
1532
767
1309
658
852
1051
1355
1642
975
1688
0
884
996
964
1182
1013
0
1271
1439
0
1603
1576
1539
1095
1147
1522
1624
1364
0
0
0
1440
1050
0
1576
0
882
1173
1484
1150
1309
1330
0
1490
1518
1511
1311
0
902
0
1136
0
0
995
1543
0
0
1451
1503
813
1377
1463
0
1670
0
1746
1175
1499
0
696
640
926
1304
0
0
1353
0
716
1488
0
1160
901
0
1410
942
635
1459
0
925
0
1358
1455
880
0
833
1123
1304
1049
0
0
1714
1271
901
677
1240
721
1000
1332
1326
888
711
0
1621
1010
0
1384
674
0
1180
0
849
0
1205
1271
1223
0
1307
1314
0
0
0
1039
0
807
1303
964
1218
1292
906
1300
1434
0
0
607
788
1149
1575
0
1169
0
1070
955
0
0
0
0
630
1196
751
1295
1060
1178
905
1152
1229
0
0
1206
1298
993
1240
0
1460
964
0
1506
0
0
747
1386
0
1015
957
1329
671
1260
1063
1419
654
1416
0
0
0
953
1172
0
929
0
1420
728
0
1642
0
1266
0
0
1148
1558
1329
0
1455
1167
1283
921
834
1262
794
813
0
1373
1166
1438
905
0
1387
1278
1020
1412
1452
1227
1092
1503
0
1285
1317
1480
1488
729
0
0
1178
1528
1133
1509
1528
1243
0
0
1054
795
0
0
0
849
1472
1050
1079
959
767
713
1218
1018
0
991
0
0
1539
675
861
0
1386
1232
1218
1226
796
1173
0
1509
1125
1487
1019
1289
0
1530
1187
0
819
834
0
1574
621
1420
0
0
795
0
0
1466
1570
1160
0
993
0
794
755
0
1443
605
696
1273
833
1353
578
1238
0
1525
1345
631
662
813
639
1288
1528
1328
1271
1206
1465
1765
837
1095
843
1487
0
0
0
1091
1270
1461
0
1049
1602
1307
1287
1030
1159
0
819
1214
0
873
1298
1032
0
1223
0
649
0
1336
980
767
1654
1276
0
1440
0
1401
0
0
1340
0
1673
0
0
1485
1353
1958
1260
1454
1497
813
1356
0
1200
0
1289
0
0
1251
1414
1440
0
1311
1271
1106
795
1152
0
0
851
1521
905
736
0
0
0
1139
1049
1566
1294
0
1196
862
888
0
1004
1432
750
1655
0
1154
0
1380
1288
1359
1477
1217
1223
1046
1603
1016
1546
0
1632
549
1295
0
0
0
0
1064
1529
967
1444
0
825
828
1367
0
0
1219
1407
1027
1300
1167
1173
1133
0
1060
950
1720
941
1261
0
0
0
815
1275
1366
0
623
1152
1602
0
1284
1333
0
943
0
0
0
1143
896
1357
1351
1068
1582
1584
1016
646
936
1373
1182
1165
1672
648
1535
688
833
1366
1432
