1389
1047
1258
1397
1297
1541
1228
1461
1052
1164
1196
1202
1161
1438
1293
1262
1242
1145
1028
990
1239
1142
1216
940
1668
1192
1489
1254
1193
1184
1175
1526
1359
1218
1267
1450
1422
1159
1306
1313
1128
1047
1025
1175
1395
1238
1186
1080
1352
1377
1198
950
1117
825
1166
1219
1340
1328
1516
1446
1206
1023
850
1020
1295
1165
1129
1172
1260
1295
1113
1008
1551
963
1309
1174
1253
1573
940
1438
863
1104
1226
1265
1041
1491
1180
1771
1192
1184
1162
1225
1361
960
1277
1095
1458
1112
1082
1359
1281
1708
874
1204
1332
1496
1452
1441
1033
1334
1114
1404
1144
1166
1175
1273
1252
780
1227
1261
949
1144
1212
1616
677
889
1896
2659
1926
2374
1792
2073
2207
1987
2167
1783
1950
1400
1465
2112
1724
1895
1706
1753
2045
1779
1864
1769
1777
1767
1676
2310
1698
2349
2057
1857
1583
1308
2335
2226
1925
1839
1816
2129
2364
2090
1887
1963
1800
1672
1618
1812
2074
2352
1587
1348
1816
2195
1745
2006
1635
2028
1643
1817
2193
1769
2401
2292
2636
1792
1767
1992
2467
2032
1451
2346
1913
1575
1895
2156
2135
2047
1690
2316
2275
1921
1840
2213
1981
1805
1970
1971
2017
1639
2090
2388
2017
2102
1423
2100
1532
2012
1936
1628
1828
2031
1754
2552
1922
1905
1420
2267
1552
1481
1914
2042
1445
2153
1826
2025
2280
1983
1387
1185
1901
1905
2058
2152
1679
2005
2076
2195
1773
1662
2369
1764
1993
1952
2009
2001
2144
2126
2107
1933
2048
2142
1971
1992
1939
1794
1927
2269
2106
1980
1470
2272
1548
2071
2392
2263
1711
2098
1804
1952
2060
1832
1690
1932
2105
1557
1831
2173
2010
2014
1886
2068
2037
2248
1644
1897
1761
2002
1803
1822
1388
2576
1855
1727
1917
1787
2419
2226
1950
1886
1692
2104
2090
2010
1824
1826
2201
1942
1999
1632
1622
1842
2059
2047
1890
2051
2307
2195
1966
1582
1957
1508
2474
1899
2026
1810
2052
2223
1804
1760
2114
1729
1941
1735
2468
1362
1336
1895
1763
2573
2266
2154
2182
2685
1881
1935
2135
2174
2549
1620
2479
2345
2372
2318
2338
2292
2221
2593
1796
2422
1941
1417
2492
1501
2286
1337
2299
1575
2270
2525
2298
2852
2117
2470
2432
2245
2039
2541
1993
2131
2325
2716
1907
2621
2232
2797
1891
2850
2348
1862
2251
1964
1797
1133
2288
2592
1359
2701
2245
1879
2290
1961
2102
2083
2475
1896
2113
1608
2377
2017
2052
2197
2186
2706
1320
2104
2688
2388
2382
2193
2039
1947
1787
1986
1829
2143
2734
2416
1878
2642
2158
1977
2368
1498
2899
2403
2449
2653
2727
2584
2680
1854
1751
2108
2303
2262
1881
2239
2033
1735
2231
2214
2025
2330
1539
2033
2075
2610
2376
2065
2642
2477
2074
2191
2434
2205
2137
2252
2029
2225
1843
1312
1897
2147
2046
2220
2654
2139
1241
1505
2496
2417
2427
2248
2364
2019
2181
2270
2348
1661
2302
2514
2424
2654
1943
2718
2674
2345
2288
2496
2604
2266
2424
1788
1035
2508
1322
2283
1887
2528
1147
2313
2062
1995
2265
2040
2151
2243
2197
2654
2178
2984
2043
2707
1842
2531
2229
2222
2777
2161
2118
2657
1944
2017
1860
2495
1743
2120
1641
1274
1939
2141
2330
2378
2471
2039
2376
2517
2152
2193
1988
2562
2450
2227
2231
2366
2127
2718
2063
1929
2146
2807
2164
2154
1566
3044
2621
1532
1503
2346
1690
1351
2283
1982
2109
2370
1946
2241
2373
2477
2084
2197
1341
1555
1425
1393
1770
1422
1261
1458
1366
1408
1380
1474
1643
1424
1355
1110
1205
1307
1902
1001
1650
1562
1716
1384
1918
1564
1242
1565
1310
1204
1628
1184
1577
1343
1773
1968
523
1561
1238
1414
1539
1698
1231
1830
1207
1491
1375
1880
1755
1223
1472
1509
1524
779
1539
1409
1528
686
894
1156
1792
835
1586
1756
1960
1401
1580
1949
1500
1599
1316
1589
619
1701
1329
1110
1371
1681
1365
1367
1127
1770
1708
1218
1244
1555
1742
1437
847
1103
1882
1091
1638
1708
1416
1494
1130
1678
1534
1493
1376
1610
1228
1608
2151
1636
1462
1219
1296
1459
1101
1659
1315
1461
1871
1497
1614
1268
1574
1344
1370
2116
1532
615
722
1690
1614
1370
2177
1405
867
658
1502
1387
738
1469
1444
1307
1525
1995
1574
1748
1523
1062
1137
1284
1372
1689
1151
1383
2140
1292
1798
1626
1402
1006
1597
1507
1199
1396
1548
1529
1695
1016
1540
1573
1558
1182
1565
1485
1444
1615
1421
1432
1094
1475
1693
1016
1758
825
1324
993
1360
1246
1423
1596
1090
1382
1647
1069
1306
1402
1551
1438
1591
1238
634
1516
2009
1370
1140
1510
1474
1223
1643
722
1803
1606
1277
1923
2019
1274
1976
1290
1586
1448
717
1334
897
596
970
1122
1833
1328
1392
1229
1467
1229
1427
1866
1731
2204
1812
1652
1378
1899
1533
1577
1440
1508
1596
1922
865
1388
849
1779
1557
842
1193
1355
1365
1765
1667
1418
1658
1134
1493
1500
1191
1430
1590
1342
1257
1450
1749
1781
1596
1296
1670
2022
1386
1885
1422
837
1395
1217
1246
1456
1344
1711
1506
1697
1817
1589
1337
1468
1598
1449
1574
1057
1269
1429
1191
1272
1261
1294
1399
1122
898
1168
1188
1556
1146
1305
1048
1038
1258
1500
1107
1423
1150
1090
1115
1201
1278
1089
1300
1436
1202
1498
1121
1353
1253
1171
1338
987
1430
1074
1094
1302
1163
1555
891
1475
1260
1467
1093
1339
1335
1059
1061
1157
1112
1273
1170
1231
1166
971
1240
1309
1271
1187
1439
1522
1287
1258
1428
1379
1263
869
850
1178
1554
1277
1418
1237
1092
1148
1449
921
1206
1241
1336
1123
1273
1390
1016
1077
1274
1468
1402
1203
1335
1169
1180
1319
996
1100
898
1491
1379
1501
1087
1174
1098
904
1355
1465
1078
1229
1428
1110
1176
1276
1410
1464
1063
1045
864
1198
1108
1192
1624
1012
1312
855
1152
1156
1472
1179
1599
1415
1586
1468
1234
1244
1278
1487
786
1219
1055
1434
1211
1211
1238
1295
1331
754
1294
1117
1625
1162
1416
1305
1469
880
1143
1275
1265
1328
1014
1183
1509
1091
1353
1267
1179
1355
2589
2436
1813
2326
2138
1776
2061
1682
1439
2015
2856
2181
1903
1697
2119
1521
1631
1652
1728
1922
1512
1943
2283
1921
1792
1850
2290
2319
2009
1935
1626
1920
2175
1423
2447
1930
1902
2024
2756
2026
2291
2025
2112
1940
1929
1818
2592
1790
1963
2008
1394
1908
1687
1864
1850
1908
1439
2032
2097
1819
2051
1342
1829
1687
2269
2154
1651
2060
2155
2372
1916
2595
1726
1291
1911
963
2099
2060
2180
2037
2077
2058
1633
2093
2112
1959
1701
1801
1485
1745
2334
2163
2378
2352
1738
2532
1971
1309
1783
2126
1625
2053
1753
1696
1907
2273
1646
2166
2071
1754
1782
1950
2132
1925
2072
1693
1693
2213
2041
1386
1904
1750
1819
1792
1729
1787
1834
2015
2168
1684
1882
1927
1915
2227
2162
1812
1684
1880
1647
1797
1143
1744
1871
2707
2476
1956
1971
2494
1704
1840
1834
2159
2228
1986
1904
1656
2186
2535
1892
1842
2260
1326
1813
1241
2105
1997
1991
1801
1854
1771
2227
2106
2237
1865
2105
2014
1897
2240
2298
1773
2043
2231
1427
1988
2316
1470
1794
1876
2120
1708
2081
1670
2145
1913
1971
1764
1875
1974
2248
1695
1804
1929
1616
1831
2410
2190
1935
1709
1662
2082
2126
1748
2932
1474
1792
1756
1751
2157
2225
1757
1860
2090
819
2051
1388
2026
1803
2625
2047
2042
1774
2387
2155
1855
1931
2123
2114
1749
2072
1849
1672
1917
1708
1609
1842
1886
1763
2104
1828
2021
2204
1622
2051
1508
1809
2430
1890
1826
1663
2624
1647
1895
1844
2593
2030
2168
1228
1646
1011
1505
990
1064
819
1246
1585
1485
1273
1150
874
1418
1488
1206
1249
823
1230
1303
1576
1349
1635
811
1416
1678
1354
1523
1586
1456
1306
1141
1562
1624
2560
1321
566
1114
1481
1637
1255
738
2077
1712
1232
1716
1488
1137
1259
1469
1809
1495
993
1501
1177
1546
716
1127
599
1053
1500
908
1738
972
1489
1260
1320
1612
1026
669
1071
1517
1385
806
1213
1901
1344
983
1431
1537
807
1579
1232
1430
589
1602
1429
1711
955
1396
1291
1076
621
795
900
1335
569
1022
1460
701
1438
1472
1369
1287
1581
1262
1313
841
1467
1017
1741
1326
1357
1825
1800
631
1428
1434
2017
1349
629
1683
1545
1539
1027
999
1375
1452
1245
1416
1847
1514
1855
1694
1234
1182
1079
1034
1791
1628
1659
1820
1681
1583
1366
1133
1251
1375
1593
1388
1180
1588
1886
1138
1377
1000
1085
1331
977
1402
1298
1855
1467
834
1924
1764
1034
1857
1507
1436
1736
1340
1698
1303
728
1122
1242
679
1766
1190
1683
1416
1523
1198
874
1237
1224
1693
911
1311
1685
848
605
1495
562
1483
1502
1193
1766
2062
1178
968
1514
1562
2041
1013
2041
1706
1679
1633
1490
1728
1969
2148
1348
2052
1856
2476
1574
1598
2028
1423
2263
1273
1484
1612
1374
1753
1507
1582
1705
1999
1814
1527
1596
1339
1851
1611
1044
1372
1351
1737
1631
1307
1267
885
1668
1287
1727
2266
1937
1070
1989
936
2077
1820
2657
1902
1797
952
1265
1432
1364
1854
1799
1441
2327
1223
2198
1373
1594
1705
918
1858
1371
1502
1324
1671
1550
1887
1604
1527
1755
1940
1346
1649
1634
1627
1736
1221
2260
2175
1884
1748
1429
1444
1295
1044
1335
1366
1740
1337
1247
1888
2154
1689
1462
1803
1616
950
1606
1017
1898
1792
1689
1524
2048
1671
2224
1929
1198
1099
1419
992
1443
1862
1821
1110
1425
1151
1495
2014
1273
1532
1401
1598
1714
1634
1632
1660
1838
1293
1727
1578
1054
1914
1559
1195
953
1935
1596
1787
1639
1812
1042
829
959
1906
1333
1132
1789
1398
1346
1531
1937
1931
1667
1439
1963
2289
1102
1729
1393
1631
869
1801
1025
1964
1576
2291
1682
1490
1595
823
1922
1706
2108
1897
1692
1069
1705
2005
1891
1421
1660
1993
1571
1502
2081
2062
2155
2119
1619
1348
1903
1950
2326
2174
2154
2032
2035
2366
2179
2227
1911
2377
2277
1925
1539
1342
2156
2003
996
1687
1767
1904
1950
2056
1920
1930
2060
2520
1857
2090
1199
1343
2021
2071
1970
1449
1754
1801
2480
1573
2532
1701
803
1185
2027
2090
1693
2068
1907
2160
1915
2069
2144
1836
2151
1754
1386
2159
2042
2020
2153
2032
1465
2186
1684
2213
2494
1687
1914
1794
2048
1876
1761
1811
2236
1714
1785
2075
2009
1513
1512
2105
1613
1945
1616
2106
2145
1905
1673
2010
1889
2248
1927
2227
1823
2137
1962
1803
1875
2126
2081
1869
1897
1792
1971
2046
1647
1492
1771
1858
1911
1581
2594
2005
1776
1835
1584
1933
1360
1722
2207
1980
1955
2104
2058
1791
1890
1696
1859
2307
1733
2431
1827
2297
1803
2155
1757
1828
1690
2047
2059
1708
1895
1779
1362
1728
2463
2047
2016
2328
1936
2114
1729
1824
2224
1727
1632
1735
1401
2226
1509
1646
2051
2223
1520
1917
1837
1999
1348
758
798
850
649
1190
688
1002
995
609
539
1058
998
1033
827
1197
987
1110
587
1432
679
921
714
936
1036
1089
776
808
656
703
1221
659
1025
741
1127
873
1438
611
917
928
709
1236
891
975
1630
1002
941
1145
872
744
676
745
648
1161
806
683
1491
1121
1009
930
1810
900
668
613
1313
1023
1116
955
983
894
852
946
990
1022
1009
1146
1311
1310
1354
732
1398
826
728
827
992
897
793
911
873
920
568
735
1319
679
1007
838
1236
972
485
607
678
737
1091
803
915
1111
1053
788
767
1289
838
626
728
728
844
1108
1042
836
721
673
787
865
623
904
792
922
680
644
906
1096
602
1237
1018
667
674
1717
969
829
1366
868
937
915
775
877
911
609
928
827
700
772
1212
1343
704
1847
1003
912
1637
1191
804
1075
1500
833
1052
835
1087
2071
1211
939
1342
1970
1397
1808
1108
880
1818
979
1382
918
802
875
808
1231
1831
860
874
831
1125
1440
1107
1450
1096
1172
1193
1230
1070
1090
1314
1745
1192
1755
1272
875
1013
812
1164
1263
1262
1202
1033
1176
1146
1812
948
1003
815
1336
1646
1441
1367
1223
1438
1568
1064
909
947
1043
1624
885
1228
1235
843
1122
1476
967
999
1061
1133
1164
1894
1521
1401
1047
1064
1451
1029
1193
2074
882
1152
984
984
1253
942
2154
1086
1106
1017
1400
1396
2176
1778
948
1092
1046
1043
1064
876
1233
1308
1922
989
1286
1405
1143
982
1096
919
857
1307
1829
1138
1531
1720
1283
1560
928
1024
966
922
1079
1253
1094
1118
1291
1615
1030
1586
1256
1270
997
862
1443
1070
843
910
1258
851
1097
1105
905
1095
1015
1013
1234
893
1676
2368
1439
1977
2180
2099
1463
2114
1633
1902
1921
2193
1651
1923
2756
2097
1864
1826
2037
1792
1439
1963
2292
2195
1722
2283
2595
1394
2170
1709
2413
2372
2374
1529
1952
1379
2094
1953
2053
1852
1870
1898
1850
1465
1549
1583
1916
1800
1815
1813
1872
1738
1241
2162
2297
1992
2267
2523
2295
1783
2053
1774
1628
1387
2213
2034
1548
1799
1925
1326
2420
2308
1637
2267
2012
1828
1745
1641
2116
1656
1719
1981
1834
1665
1836
1744
2145
1684
1914
2313
2552
1704
1656
1745
1451
1904
2388
2176
1822
2152
1965
1842
1874
1478
1973
1637
2263
1913
2410
963
1670
1836
2570
2290
1929
2043
1838
2478
1748
1140
1662
1600
1967
2181
2029
1709
2082
1417
2237
1750
2253
2158
1988
2190
2207
1557
1996
2633
1860
2430
1549
1809
2042
2269
1847
2624
1844
2310
2387
2090
1849
2804
2642
2179
1989
2021
1931
819
1663
1818
2032
2733
1557
2541
1749
1904
2095
2225
1307
2625
2038
2030
2186
1777
1361
890
1043
864
587
870
699
674
827
777
671
742
1121
612
1171
900
827
724
1310
792
689
705
745
747
1188
710
920
917
592
900
815
1138
1354
1154
648
757
807
890
1036
1163
1438
750
683
604
1429
852
904
1197
1106
966
611
770
676
714
2050
708
711
998
637
796
643
611
624
941
873
861
1571
928
667
669
666
824
826
1017
1233
890
856
1096
896
983
970
908
680
1251
835
725
721
838
636
1051
1216
867
965
786
664
827
1108
803
890
906
1003
959
843
660
915
746
872
674
485
749
1339
1087
915
972
732
669
1102
844
1637
1091
672
732
767
665
755
1309
963
578
704
962
588
882
568
826
975
848
792
673
713
1154
1053
1129
602
1003
1044
787
1361
1293
990
804
816
1015
801
1231
1513
1286
1527
761
961
1163
929
1122
1007
1618
1051
1040
1178
1227
808
1615
983
939
1220
1334
1555
1378
1217
1125
1672
905
1033
920
1624
1281
843
1629
1007
1451
816
1246
1333
938
949
1574
1432
1315
748
835
1110
1035
859
1332
994
875
1284
1033
1193
1043
831
1320
1207
813
983
936
1026
1092
1766
1117
857
1152
2014
848
992
1085
851
1118
822
1270
1092
1113
1493
817
810
1176
987
916
913
1184
1030
942
959
1243
1381
1115
1334
1178
1636
1138
1218
822
1182
1400
1235
995
843
981
1192
1300
953
1092
1193
1253
1075
1009
991
1305
1187
1036
1720
1283
1025
768
847
1297
1377
1189
1076
1829
917
960
1086
1064
1076
1209
1095
999
2143
1790
1937
1919
1801
1423
1940
2015
1923
2352
1872
2410
1935
1379
2115
2269
1896
2043
1987
2195
1982
1688
1952
2447
1512
2275
2077
1583
2175
1916
1521
2378
1589
2007
2366
1924
1819
1617
1852
1744
2026
1908
1709
2045
1864
1676
1792
1879
1728
1871
2058
2327
1929
2436
1772
1898
2091
2025
2135
2467
1745
1644
2100
2159
1799
2225
1753
1997
1842
1912
2308
1992
1625
2563
2135
1656
1956
1750
1505
2156
2211
1834
2162
2112
2297
1981
1985
1671
1735
1901
1641
1871
2041
1913
1945
1961
2213
1787
1664
2552
1854
1902
2028
2065
2108
1593
2094
1387
1754
1959
2197
1991
1755
2250
2313
2040
2105
1143
2300
2300
1727
1952
1786
1451
2098
1939
2056
1836
1964
2068
2214
1557
1760
1681
2056
1617
1822
2648
2209
2218
1797
2131
2272
1936
2371
2168
2126
2142
1663
2392
2068
1980
2137
2203
1893
1961
1859
2269
1970
2173
1819
2256
2264
1993
2037
2377
2261
1952
2263
2210
1977
2186
1624
2026
1942
1734
1886
1926
2034
1727
1655
1671
2117
1886
1810
1950
2050
1380
1760
2260
1968
1692
2166
2202
1818
2052
1810
2074
2201
2194
1787
2299
1735
2153
2419
2135
2190
1921
1989
2026
2443
2703
1899
2386
2023
1917
1336
2064
2576
866
802
1144
591
569
1064
683
704
1490
1149
806
908
594
945
658
589
943
1025
1598
834
803
977
1445
738
794
1034
846
1524
1009
874
750
694
768
1134
1164
952
956
856
1612
2086
962
1127
922
841
879
1068
1423
844
1604
1495
1302
1236
1053
1423
1334
1495
1332
1168
1554
850
953
992
1175
1734
1755
1310
1711
1613
2141
1803
1905
2069
2218
2368
2144
1962
2067
2071
2005
1557
1723
1834
1859
1760
2340
1932
2083
2299
1844
2066
1889
2142
1893
1952
1748
1832
2434
1682
2002
1823
1998
2107
2062
1787
1835
1939
2392
1952
1360
1755
2231
2654
1740
2046
2272
2300
1722
2159
2090
1401
2058
2463
2194
1935
1942
2474
2027
2075
2000
1814
2153
1787
1928
1886
1655
1760
2240
1977
1999
2010
1926
1692
1624
1727
1336
2210
2419
2351
1936
1654
2201
1935
1368
1735
2016
1985
1810
1735
1976
2165
2018
1673
1687
2468
1999
2431
2377
1740
1786
1962
1819
2495
2236
1797
1961
2075
1776
1890
2254
2328
2067
2056
1700
1609
1892
1681
1970
2045
1796
2114
1687
2654
2261
1905
1961
2594
1748
1801
1743
1869
1642
1758
1998
2079
1613
1844
1936
1513
1836
1855
2097
2126
1602
1811
1722
1985
2047
1735
2026
1943
2328
2240
1950
2000
1760
2431
2023
1921
2048
2135
2232
1671
1509
1660
2260
2159
2073
2324
2346
1727
1690
1904
2112
1368
2165
1814
1665
1654
2207
2016
1935
2443
2026
1696
1976
1747
2050
2299
1936
1348
1935
1520
1380
1980
1722
1818
784
777
761
827
966
691
1043
708
1242
1115
637
1074
901
870
1250
674
1494
792
809
795
1361
724
815
827
705
1163
643
1571
844
864
991
592
750
611
685
747
594
690
1017
632
843
962
630
1272
838
843
820
701
1422
636
890
963
1216
970
697
731
658
867
969
868
1003
1383
725
835
933
1339
826
852
738
975
573
1078
938
1310
1079
761
1207
1106
967
1051
1307
1286
848
929
1110
801
787
1657
952
1324
1183
859
1727
1618
1220
1050
837
985
936
847
917
1035
1339
1320
920
1332
1869
1334
1184
1821
992
834
1766
1030
1117
925
1155
1132
848
1152
882
1212
1092
939
1803
1076
1209
1280
1493
1162
1025
822
1036
1222
953
971
1178
960
1085
1377
848
1069
959
847
1322
1270
1477
1618
1266
1311
959
1278
1247
1271
1116
909
1272
1368
1270
1239
1462
1364
1200
1247
1349
1442
1338
1248
1429
1642
1396
1295
1222
1446
1591
1698
1248
1531
1619
1300
1345
1239
1594
1427
1410
1294
1576
1037
1131
1422
991
1431
1480
1398
1138
1384
1314
1680
923
1276
993
1107
1165
1188
1122
1346
1228
1330
1409
1380
1491
1444
1150
1311
1304
805
1260
1055
1603
1483
1020
1287
1237
1298
1155
1276
1236
747
1153
1512
1270
882
1295
1175
1108
1463
1162
1100
1333
1180
1503
1315
1499
1224
1234
1340
1351
1329
1196
1147
1382
1875
1492
1216
635
1979
1175
1214
1582
1052
1853
1632
1995
1376
815
1755
1499
1461
1575
1904
1800
1731
1363
1237
1546
1905
1513
1364
1698
1719
1125
1613
1308
1224
1490
1430
1216
630
1296
1022
1193
1862
1384
1395
1687
1613
1842
1060
1499
1880
1405
1556
1500
1489
1990
1569
1442
1851
1704
1309
1926
1557
1704
1390
1224
1252
1743
1120
1901
1665
1369
1256
1243
1312
641
1697
734
1650
1902
1159
1561
1226
1599
2147
1068
783
1178
1291
1960
1388
1385
1458
1468
1292
1342
1241
2090
1494
2238
1550
1843
1076
1143
696
2064
2048
1793
2213
1430
2011
1998
2151
1847
1867
1807
1423
2261
1676
1831
1912
2474
1721
2093
2138
1686
1786
1722
2127
2279
2479
2141
1955
1481
1667
1615
2067
1782
1984
2298
2041
1568
1771
1653
2556
1934
1826
1603
1633
1892
1580
2014
1796
1884
1687
1879
2287
1773
1779
1932
1922
1789
2197
2393
1754
2511
1150
1952
2515
1988
1957
1998
2436
1795
1681
2097
1770
2165
2003
2475
1455
1983
1840
1856
1515
1532
1502
1995
1745
1861
1067
1888
1499
1107
2470
2008
1638
1916
2263
1850
2438
1689
1670
2617
2003
2194
1898
2327
1907
1801
1740
1636
2259
2188
2020
1918
1751
2300
2670
1746
1738
1785
2140
2343
1738
1731
1995
1637
1964
1960
1732
1962
2219
1830
2121
2244
2466
2327
1398
1522
2117
1492
1797
1929
1767
1921
2469
1951
1435
1933
2418
1947
1865
1865
1849
2292
2041
1832
2080
2075
1339
1804
2087
2112
1930
1865
1882
1686
1595
2798
1288
1831
1710
1581
1493
2010
1814
1879
2358
1798
1564
1740
1562
1403
1864
1802
1793
1947
2331
2135
767
1917
1829
2430
1821
2074
1549
1734
1837
2049
2018
1970
1845
1832
2314
2032
2082
1873
2035
1787
1793
2257
1852
1498
1911
2731
1901
2510
1964
2408
1580
2047
2098
2139
1644
2097
1756
2052
1917
1921
2350
1783
927
1949
1709
1404
1906
2000
1593
1701
1695
2341
2076
1275
1485
1747
2109
1900
1330
1926
1836
1864
2089
1560
1613
2724
2321
1952
2030
1651
1962
1602
2342
1866
2348
2150
1770
1720
1899
2163
2110
1801
1867
1809
1778
1829
1812
2437
1427
2155
1881
1346
2069
1878
1889
2089
1857
2047
1940
1638
1697
1924
1473
1547
2380
2229
1807
1722
1930
1848
1993
2106
1309
710
1407
928
1517
1251
674
1205
1259
705
890
1002
894
1259
705
723
1381
599
1361
1502
1246
1344
612
811
1804
1396
649
742
1260
936
587
1163
1076
1230
1060
1310
717
592
873
682
1311
767
955
972
1273
1232
928
870
708
934
1354
611
1249
1537
864
1941
993
1221
1053
823
676
621
959
705
836
980
820
637
1429
1385
1206
708
1553
1576
594
702
689
917
1126
1002
1361
708
1469
802
1658
761
852
676
1037
757
1513
666
592
741
1146
946
776
1052
1232
756
699
566
712
827
745
1980
790
1043
637
612
1004
669
1033
1481
656
770
1409
828
900
1273
587
1411
661
671
777
1947
1022
891
917
873
806
1637
637
980
1385
1057
1011
890
1432
1604
1190
1317
908
609
900
1629
1007
659
1460
1612
1106
998
2050
1007
1250
744
666
1657
587
1154
819
1001
703
987
972
1064
920
658
1612
706
1104
611
1612
1645
1429
1810
1035
1526
724
823
1447
1407
1437
901
990
1259
1468
811
1116
688
936
1291
806
1036
804
1022
795
1811
1115
1431
750
990
726
780
1571
1127
1009
758
819
648
589
1738
1579
979
1678
1009
987
1190
1572
827
589
1050
894
1303
535
1523
604
1034
987
569
1485
844
738
1669
870
1242
654
761
1523
1586
813
1249
1119
1074
1347
1003
1188
1524
604
767
1429
1127
772
767
742
815
901
844
1055
810
1277
1403
1053
1058
2050
1230
745
795
941
611
1071
1399
714
1500
724
666
1228
1002
724
541
1081
1686
1127
1110
1145
904
674
1071
1711
901
807
1968
836
1023
761
975
1025
685
1544
1149
792
991
1003
630
1016
965
963
1267
748
1910
1261
1536
1393
689
1272
609
1736
895
884
747
701
803
937
920
970
1233
1366
664
1085
1007
1237
639
779
1681
1547
884
665
834
732
1191
732
890
571
1680
673
1659
866
701
931
686
633
1855
1694
1502
1915
992
1319
1096
602
807
1251
623
1539
1326
636
867
1370
890
1539
713
613
1224
1032
1216
1778
977
750
680
731
573
1251
1450
728
1460
624
974
767
922
1507
714
755
848
912
1357
749
1343
672
995
834
1138
744
1157
787
848
969
696
1129
1318
602
1857
1234
732
1536
916
1791
1572
943
1008
1000
1628
1467
1467
1997
1026
1003
1202
1025
1339
768
852
678
1637
844
1023
635
1034
2017
1847
852
485
977
1091
662
704
1664
844
835
1319
1391
746
1018
562
571
672
911
680
1495
1434
867
1008
1619
1361
937
1070
1251
1378
1422
975
963
671
700
1211
1279
735
1331
1111
1089
1327
669
795
758
1514
1023
1388
1846
820
1349
838
663
1685
826
1467
1693
674
915
957
780
1016
1237
1339
874
1079
746
673
1383
688
1375
1053
807
728
728
841
1032
933
690
1385
1042
1287
1592
713
1242
636
760
1681
748
1825
1161
838
1519
959
1886
813
594
1730
822
1154
1302
1516
897
704
720
573
1233
937
822
755
1717
970
912
834
874
1133
1581
1180
1053
772
969
644
1027
1078
1366
1766
1124
794
1003
877
1356
1491
1416
1583
964
931
995
664
933
671
1524
631
1102
1593
647
975
826
970
1245
843
713
969
843
1717
906
1660
943
768
588
1588
1269
780
962
882
867
906
872
838
975
891
1237
1089
1478
1220
1522
1461
1061
1275
1240
1313
1062
1142
1048
1443
1191
1015
1475
1174
1557
1080
1549
1249
1389
1057
1298
1338
1647
1395
1450
1040
990
1397
1028
1184
1148
1541
1500
1156
858
1253
1287
1242
1134
1217
995
1258
1339
1300
1454
1202
1429
1267
1132
1310
971
1297
1279
1430
1579
1526
1125
1128
1293
1263
1227
1047
1188
1450
1340
1399
1487
1289
1192
1258
1150
1239
1261
1130
1022
1155
1169
1423
1289
1260
1469
1554
1556
1379
1073
2004
1023
1203
1090
1285
1428
1208
1309
1387
1464
1161
1449
1159
1070
1008
1321
1171
1446
1302
1261
1164
1463
1238
1715
898
1363
1172
1258
1186
1528
1349
1327
1038
1157
1216
1436
1568
1104
1133
1246
843
1193
1025
850
1198
1129
1555
847
1170
1404
1122
1157
1223
1052
1059
1192
1501
850
1208
1198
1309
1180
1708
1265
1295
1353
1144
1156
1496
1504
1359
898
1204
1281
1292
930
1335
904
1312
1441
1273
1211
1041
1117
1390
1625
1251
1573
1452
1264
1434
1189
1014
1229
1473
1194
1332
1204
1144
1402
1362
1189
1273
1377
1265
1228
1468
1162
1354
1501
1253
1580
1184
1291
1274
1180
1457
1353
1225
1183
1433
1473
1233
1483
1382
1108
988
1468
1100
1267
1551
1453
1273
1252
1176
1287
1098
1353
1257
1123
1107
1016
1304
1222
1095
1344
1234
1457
1278
1463
1370
786
1233
1203
1098
1109
1360
1077
1162
1063
1104
850
1362
1285
1101
945
855
1397
1018
1307
1117
1305
1428
1152
1521
1212
1487
1276
1091
1491
1495
1165
1275
1261
1420
1464
1384
1138
1397
1082
1129
1360
1019
1152
900
1144
1143
1227
1068
1179
898
819
1172
1469
940
1341
1124
1235
1222
1937
848
954
1372
1110
899
1047
816
1490
1851
1284
1110
1223
966
2683
2086
960
968
1091
1513
1351
1228
936
1886
2178
1246
1281
1035
831
1342
1287
1293
2126
1347
1831
1439
1737
2041
1351
2657
1758
848
1574
1052
1003
947
1310
1281
1395
1151
1894
1604
944
1631
900
885
1163
1705
1065
1106
812
1342
816
1582
1745
1432
1107
801
1797
1665
1403
1808
1604
1512
1869
1513
841
983
1107
1028
926
1429
1371
900
835
1728
884
880
1052
812
1635
2216
1374
939
800
1202
1369
1542
859
999
875
841
871
981
1574
1176
850
793
1484
1818
1151
1615
1070
1633
984
1024
1286
995
1007
2291
983
1374
1047
1278
882
1204
1273
1046
1717
1970
1164
1727
1108
804
1441
1086
1887
1672
1096
1527
1044
929
1096
1182
1204
1033
1817
1317
990
837
1902
918
1970
960
1369
1079
1007
835
1238
1263
1801
1627
905
1423
1846
860
1438
1332
1134
815
793
875
1007
1207
1121
1064
1346
841
2302
1217
1781
995
1406
1336
900
1192
1612
1748
1133
1799
1291
918
920
898
1598
959
856
922
1015
2077
1146
1527
848
1958
1969
1646
939
1500
2261
841
833
1015
1555
885
1172
2362
1563
1574
920
1624
1079
1009
1339
864
1550
1472
1070
2071
1145
1671
1260
801
983
2198
1753
960
1044
1812
877
1223
1051
1901
1125
999
1125
984
967
1507
830
813
1164
1107
1460
1068
1968
835
748
880
1334
1633
1736
1858
1043
999
2148
962
1220
1856
1061
1231
1672
1109
1284
1595
2209
1211
1610
843
1163
899
1387
1207
875
1378
1218
1440
1044
917
1315
1487
1013
1119
1574
847
2175
800
1220
1027
1152
1801
2176
1821
1092
1754
810
1364
1754
1151
1162
1025
898
1328
1095
1138
1705
1152
1212
1075
1198
1030
1598
1639
1778
1526
1803
1381
1236
1043
984
1149
857
1256
991
1543
1931
1560
1095
905
1636
990
953
902
1079
1393
2005
1844
1026
1184
1615
1689
1070
2108
959
1031
1105
1742
1559
1366
1836
1885
1218
1187
982
1424
980
1178
1495
1634
1595
1009
1346
1222
1938
925
834
1047
1420
1022
1829
999
910
1334
817
1689
2048
823
1042
1192
942
1886
1621
1591
917
1076
1253
829
1026
1054
963
995
1499
1714
2077
991
1133
1533
1554
1235
1439
1405
1169
1099
1812
1461
984
1667
842
1234
989
1218
1524
992
1578
1533
1109
1425
1286
1291
1937
1304
981
1312
1616
1266
980
1165
1117
1002
1789
822
915
1243
1034
2224
857
1531
1099
1586
1334
905
2419
871
1025
934
1766
2074
1307
1284
939
997
1187
1096
817
1070
1184
1539
1493
1491
1481
1073
917
994
1178
922
890
1133
1063
1696
893
1993
1451
1042
1115
855
1138
1935
982
869
1982
982
959
851
913
1043
1377
1009
1106
953
1894
1547
1929
2078
1117
834
1829
823
1400
1086
1110
1097
1795
1118
768
1096
1015
971
959
1206
1490
1538
1795
1011
2204
1898
882
1567
1660
1606
931
1305
1072
1423
1106
994
823
848
1092
1725
1421
1280
960
1906
1585
848
1334
1443
953
1113
857
1471
1532
847
1578
1115
1419
1206
1471
982
1453
1152
916
2014
1069
1730
1092
1398
1017
992
1096
870
1566
943
848
2098
1682
939
950
795
882
960
1025
1270
1195
2154
929
1689
850
2014
1222
1995
1922
1671
1766
1236
1362
1233
1092
1380
1076
1168
934
2352
1463
1816
1935
1170
2349
1626
2091
1529
1911
2112
1621
1291
1925
2007
1355
1999
2045
1633
2043
2025
2175
1170
1758
2227
1291
2729
1817
2291
2374
2174
1521
2009
1753
2410
2053
1917
2074
1953
2413
1916
1890
2056
1822
1334
2035
1474
1635
1913
2226
1864
2026
1937
2374
1887
2114
1509
1790
2119
2269
1929
2327
2003
1799
1583
1919
2310
2415
2028
1776
1794
2043
1308
2129
1687
1923
1972
1942
1698
2310
1846
2138
1674
1987
2090
1634
1769
2310
1822
1930
1783
1816
1919
2028
1805
1688
1902
1816
1772
1963
1653
1529
1379
1379
1872
2099
2114
2028
2170
1972
2290
2413
1913
1779
1926
2525
963
2348
2589
1909
1728
1722
1958
2195
1963
2059
1676
2097
1911
1617
1465
2111
2175
2207
1810
1904
1474
2081
2032
1943
2275
2037
2348
2290
1850
2155
2170
1963
1767
2374
1505
1651
2266
1926
2226
1744
1850
2060
1923
2037
2123
2292
1816
1676
1709
1462
1688
2413
1792
2470
1872
1898
1911
2266
2326
2595
1930
2053
2061
1987
1439
1325
1772
2195
2032
2856
2162
2283
1703
1697
1924
2081
1816
1819
1896
1871
1626
1617
2271
1898
1539
996
1904
2109
1792
1917
2060
1857
1439
1977
1857
2097
1999
1818
2715
2187
1462
1800
2119
1792
1724
1635
1439
2436
996
1631
2158
2292
2364
2447
1896
2008
1758
1423
1512
1929
2135
2081
1631
1687
1805
2366
2008
1722
2592
1950
1852
1963
2227
1940
1726
1858
1688
1916
2372
1900
1792
1950
1826
2123
2444
1465
2179
1921
1767
2335
2111
1870
1919
1394
2401
1794
2179
1826
1982
2062
1651
1199
1682
1589
1647
2085
2026
1583
2226
963
2094
2060
1846
2636
1929
1342
2520
2470
2003
1922
2003
1985
1988
1661
1368
2166
2273
1687
2570
2053
1957
1852
1514
2028
1956
1990
1997
1577
1647
1787
2300
1909
1343
2313
1914
1971
1813
1801
1981
2346
1335
2211
2126
2250
1309
2162
2480
1833
1971
2068
2076
1842
1647
2094
2040
1534
1445
1913
1548
1735
2186
2005
2300
1833
1774
2020
2102
1687
1819
1701
2112
2163
2159
2058
2532
1836
1513
2132
1983
2031
1465
1750
2280
2151
1573
1836
2003
2017
1914
2509
1719
2166
2552
2164
1905
1738
1241
1840
1834
1684
1913
1784
1783
1696
1696
1534
2267
1992
1907
1836
1665
2388
2053
2267
1767
2029
2552
1309
2552
1783
1742
2162
1801
2145
2152
1750
2159
1449
1575
2160
1902
1792
1706
2153
2378
1501
1916
2195
1745
1836
1813
2008
1684
1798
1641
2034
1927
1593
2552
1644
1693
1891
1704
2041
1566
2164
1774
1664
2163
1485
2197
2058
2563
2361
1956
1451
1921
1628
1997
1664
2072
2334
2116
2211
2383
2378
1798
2159
1745
2535
1904
1791
2135
1420
2015
1799
1935
1822
1970
2388
2156
1970
1693
1451
2090
1966
1799
1423
2034
1805
1532
2096
2166
2100
2267
1767
1343
1986
2034
2012
2096
2316
2108
1981
2168
1990
1792
2308
1992
1812
1784
1842
2152
1727
1754
2027
1950
1656
1880
1745
1832
1534
2186
1755
2476
2275
1971
1671
2021
1885
2144
2041
1744
1907
2420
1368
1754
2105
1913
1241
2144
2848
1573
1986
1514
1891
1740
1213
1493
1892
1514
2105
2042
1902
1755
1619
1797
1822
2467
2352
2100
2420
2069
1844
2126
1971
1646
1701
2267
1915
1893
1925
2068
2039
1451
1782
1628
1801
1945
1840
2156
1904
2075
1834
2065
2168
2132
2295
2552
1754
1905
1995
2186
1892
1893
1729
1054
1702
2227
1974
2131
1480
2067
1210
1513
1771
2276
1239
1869
1700
2137
1761
2464
2203
2648
1913
1776
1750
1787
2190
1748
2231
2009
2144
1773
2300
1831
1832
1893
2107
1682
1992
1748
1161
1756
2067
2231
1858
1451
1761
2261
1311
1602
2145
1632
2568
2056
1616
1810
1673
1637
1429
2046
1761
1769
1662
1413
1690
1616
2263
1476
1383
2120
2142
1764
1368
2181
1466
1721
1148
1513
2478
1360
1811
1727
1973
1927
1295
1962
1514
2144
1769
1474
2046
1992
2254
2014
1644
1835
1681
2410
1080
1964
1950
1988
1723
2256
1248
1384
1952
1709
1776
2043
2075
1935
2340
1116
2749
1973
1300
1905
1470
1858
1580
2056
1270
1890
2005
1080
1709
2069
1952
1751
1642
1796
1870
1167
1591
2184
1338
1859
1294
1750
2237
2594
2056
1876
2126
2141
1642
2168
2002
1492
2514
2060
2045
2654
2164
2009
2317
2126
2263
1711
1417
1721
2029
1970
2069
2105
2071
1748
1270
1964
1929
1618
1287
1804
2068
2340
1858
1349
1787
1687
1836
1576
1239
1923
2126
2434
2082
2142
1831
1874
1266
1903
1294
1971
1474
2269
963
1950
2932
1222
1116
1875
1933
1711
1410
1855
2158
2048
1952
1480
2081
2276
2240
1803
1743
1811
2343
1796
2256
2044
1178
1844
2231
2014
1309
1755
2281
1756
2158
1442
1581
1662
1531
939
1787
2227
1823
1890
1427
1622
2570
2098
1836
1935
2009
1801
1952
1446
1548
1886
1107
2410
1602
2269
1988
2371
1911
2392
2081
1687
2244
2187
2263
1834
1740
1897
2209
1647
1858
2107
1682
2079
949
2328
1941
1470
2137
2648
1383
1992
1711
1889
1687
2081
1905
1557
1140
1831
1903
2141
1642
2231
1760
1911
2144
1512
1661
2043
909
1431
2276
1574
1771
2392
1662
1619
2010
2368
1836
2173
1794
1581
2037
1858
2173
1801
1451
2048
2145
2098
2269
1823
2068
1961
2316
2495
1889
2062
1993
2272
2062
1644
2069
1886
1647
1492
1642
1874
2164
1719
1708
2207
1558
1322
1848
2106
2654
1819
1844
1961
1690
1890
1222
1719
1584
1740
1771
1140
1980
1996
2231
1360
1865
1794
2392
2137
2071
2071
2120
1933
1858
1406
1804
1905
2317
2143
2098
959
1662
1584
1620
2083
2079
1247
1136
2214
1939
1708
1823
2434
2225
2351
1935
2206
1747
1415
1107
2123
1646
1665
2050
1828
1886
1826
1976
1964
1655
1773
2073
2232
1785
1989
2023
1779
1727
1326
1671
1763
2028
2269
1409
1849
1268
1837
2058
1890
1935
1175
2028
993
1388
2064
1814
2226
1941
2324
881
1814
2474
2051
2052
1728
1918
2042
2224
1669
1557
1368
1815
1690
1936
2419
2576
2095
1727
2240
1858
2047
1822
2074
2104
2072
1549
2165
1917
1733
1824
2194
1598
1435
2042
1368
1096
1388
2307
1943
1980
1466
2059
1950
1999
2430
2042
1234
1982
2155
2010
1794
2201
1844
1801
1261
2090
2206
1818
1330
2210
2117
1655
1935
1687
1655
1315
1673
1966
1547
2297
2431
2239
1842
1505
805
1477
1824
1647
1276
2052
1840
2026
2387
1669
1791
1236
1241
1910
1957
747
1500
1424
2157
1942
2123
1890
2026
2038
1055
2155
2194
1295
2075
1729
2195
2159
2703
1895
2201
1966
1708
2066
1228
2000
2114
1520
1582
1722
1859
2021
1735
2452
2153
1774
1809
819
1773
2018
1727
2075
2733
1020
1463
1950
2195
954
2104
1526
1733
2127
1809
2307
1568
2202
1822
1837
1224
1741
2090
1966
1557
1444
2058
1100
1794
1727
2224
2640
2179
2804
2023
1858
2047
1976
2013
1696
1622
1680
2226
1377
1673
1509
1624
1926
1999
1330
2195
1270
2463
1935
1810
1654
2430
2034
1735
1921
1703
1512
1989
1890
2624
1632
2576
1791
1899
2034
1814
1976
2030
1950
1728
1362
2072
1729
1603
1842
2202
1747
1733
2155
1414
1774
1336
1304
1899
1712
1972
1362
2703
1917
2032
2328
1336
1291
2207
2186
1287
2090
1518
2210
1828
2058
1892
1955
2026
2050
1214
1814
1368
2018
1401
2052
1810
1703
2386
1165
1976
1276
1153
1747
2000
1727
1655
1162
2027
1509
2117
2090
2703
2223
2051
2159
2157
2733
1982
1722
1785
1854
1499
1757
2468
1968
1733
2166
1146
1886
2000
2468
2575
1218
2232
1950
1886
1904
1632
1904
2135
1326
1380
2283
1917
2452
1180
1564
1687
1401
1980
1609
2075
2190
1959
1860
2201
1598
2010
2026
2051
1622
2034
2419
2155
2104
1828
2159
2186
2075
1985
1632
1818
1977
2051
2157
2463
1603
1854
2114
1801
1774
1733
2204
1259
2168
2165
1860
2204
1957
2225
1196
2112
1814
1563
1812
1500
1076
1314
1703
608
1164
1705
1494
1275
1193
1731
1003
864
611
1042
922
1380
2291
1659
1715
1127
1302
1574
1553
704
1033
1236
793
1176
1989
836
2318
1217
2327
1501
746
2104
1470
1127
1495
1685
990
1968
1271
1565
899
808
1497
801
1146
2260
1407
1228
1498
2595
730
1871
1812
1284
1214
2475
1814
761
2109
967
1145
1625
1690
831
877
1679
1489
669
1255
928
1403
689
1527
1050
1227
1574
1384
1552
1178
819
1546
685
2731
2141
1451
1930
806
756
1003
1665
2077
1219
2743
706
802
1564
1238
867
637
833
1389
1830
1333
941
2444
1947
1417
1604
2377
1387
1956
1586
1339
1287
1574
1349
841
1407
1361
809
947
1163
812
1107
1435
687
1296
1438
1647
1896
1333
1880
1002
1878
2078
1626
890
1002
667
747
1091
1151
668
2050
745
2267
2178
1833
710
1344
1220
1009
2325
1842
1888
1332
838
1646
1321
722
1007
738
894
1228
2388
1216
1556
1044
1538
1230
1460
1751
1524
1052
1354
1706
2479
637
1610
2033
1128
1425
921
671
1040
1216
998
688
589
2428
726
771
1230
1091
2403
1416
1438
1438
1424
2757
1348
2073
1437
922
1638
861
1376
1527
1923
1033
1197
750
1674
1608
2525
1222
635
2148
1422
1033
1491
882
885
843
1562
1420
809
1595
980
2372
1456
691
1277
587
1745
594
1412
1238
1629
619
2113
1228
1719
960
1110
1432
687
864
2899
946
1500
1629
2197
1792
800
1213
894
819
844
1153
2050
921
2137
745
834
1698
2163
941
2117
1147
666
1115
1766
708
2263
987
1633
1931
917
1221
808
1862
1574
708
1935
967
1022
1081
936
1232
1246
724
1121
649
848
726
1007
1995
1361
1940
812
2642
1572
1385
1141
535
904
880
917
1853
703
1310
1259
1396
1575
800
643
1429
1468
1150
1487
1501
1881
2480
1947
2050
1633
1563
1007
1334
1089
873
1044
1786
1188
1153
891
1799
609
827
920
2364
656
1319
867
1328
1011
1308
1133
1155
813
1397
2141
1891
1114
1270
1933
815
1007
2476
996
1429
1184
910
1808
828
1624
611
2186
1367
1351
1371
615
2541
939
1633
1869
2376
1003
1336
1022
1515
2262
2387
790
1900
2041
1316
856
2133
1737
1444
900
983
650
1671
1370
1831
898
1977
1235
1396
2201
1025
1979
1856
1190
784
1604
1804
1387
1649
1546
2774
1627
795
1474
1107
1365
2466
966
827
899
983
1068
1416
813
1044
900
1070
1937
1424
1395
2008
847
1705
841
875
986
1447
1445
1594
2979
1604
864
1381
1396
705
724
723
1205
1303
2416
2052
1002
1259
1543
899
1044
983
1882
1307
1905
980
1831
1620
1603
1583
1678
1624
674
2199
1376
621
1524
793
1339
870
2658
827
767
1074
1672
1307
1223
908
1853
917
2515
901
661
917
1657
802
2470
1194
1727
1125
934
1958
613
1163
1033
1369
1277
836
1770
2251
1490
1351
1539
968
933
1970
955
2245
949
954
1612
1680
984
875
1489
1103
1374
1334
801
2340
1130
1738
929
1375
1204
1986
1232
1629
650
1430
1608
1499
2290
738
2533
1923
2303
1738
1035
2102
905
1461
1065
1363
2527
1631
1488
1293
870
949
1310
1194
730
835
1455
541
1343
961
1582
1523
699
1001
1502
587
1214
2330
1064
1490
1894
1125
831
714
1119
1147
1307
1902
804
1769
1766
2216
859
848
1134
666
1015
826
1273
724
2153
612
1643
1262
1438
890
742
1214
1570
1541
1420
1711
2131
835
990
794
1615
1454
2182
1064
996
1231
892
1459
882
900
1151
1624
1267
1513
1562
1612
1007
1836
1269
1429
998
1320
1152
1753
900
874
1286
1613
1490
1441
1108
2017
2734
1291
1261
1669
2048
1748
938
995
2143
1796
1189
920
1311
772
804
1632
591
1590
1418
1555
795
1075
823
1854
1361
1678
1432
885
1942
1575
1260
1090
1183
2086
1513
1070
748
1250
1028
1472
1409
1110
1454
908
1369
1429
1787
1862
604
523
2799
1385
1484
1106
1263
994
852
1379
1177
966
1627
995
1545
1191
2209
1752
1112
694
654
1451
877
688
841
1036
1122
2231
1079
1043
1022
1237
2852
1027
1460
1242
2256
1752
679
850
856
1612
1736
1250
1015
1231
1820
1577
724
841
1146
1566
666
676
817
1137
1941
1134
1320
1044
1527
2165
1812
1927
1555
767
1217
1341
720
717
665
1539
2888
1228
1188
1875
1482
2229
1265
1370
2108
1202
1513
1968
710
1028
874
1190
883
2033
2039
952
741
1621
909
1373
1690
1114
1144
936
966
936
1015
870
703
1727
795
1800
1070
1278
1425
1192
1004
2239
1079
1726
648
1251
830
1683
1441
2573
1051
1797
2208
1442
2680
810
1036
1013
1737
1315
1307
608
2261
1817
750
1381
1437
1378
1717
1367
2432
683
1698
649
685
1659
1646
873
752
1969
1900
1514
921
592
2286
2041
1494
716
2071
1374
852
860
1719
1364
1781
1176
780
2033
1172
1163
1052
1007
2232
1314
1035
1879
1856
775
1502
1585
1713
689
1513
2422
2621
1281
1727
1628
836
1053
979
1346
985
990
792
1315
587
811
1705
1349
1371
869
1046
961
1361
1061
2100
1657
1351
539
1355
1347
2065
1731
589
1064
1070
635
1584
1376
780
1539
857
2414
1277
2046
868
1995
794
1839
1018
848
728
767
2074
1345
870
1085
915
1319
1910
1287
673
1814
1257
863
1803
2427
1526
2040
1137
1557
758
2909
1651
1595
1524
734
803
1366
857
1343
1531
1334
1390
898
1154
1164
1095
1697
2194
1258
1346
1339
2078
1381
1451
1034
1064
1252
1383
735
2297
732
1169
2476
1361
1206
1025
671
984
720
2222
1042
744
1442
1312
1161
992
747
1076
1693
2228
1559
2359
705
1192
2283
1652
1284
1012
1855
963
1922
1781
1308
1211
1246
1418
997
884
680
2424
1543
960
987
1375
1428
1383
1643
1736
1111
1286
2003
1766
1467
1539
1393
842
1115
1696
2285
1092
1312
2164
1493
810
1031
827
1184
1422
937
1201
2259
843
959
1597
1537
847
2654
1339
1512
1017
959
865
1212
826
1102
848
1593
2181
846
1578
1631
1578
1069
1312
1237
890
913
658
959
2825
1681
953
1795
1547
1730
962
1147
856
680
1791
697
1588
2373
929
1527
931
959
1229
794
1008
866
1829
922
809
1199
1514
714
1003
632
1053
578
1355
1094
2063
1154
768
1011
664
1178
989
2424
1805
1483
1234
697
630
984
1843
1134
1544
1571
1132
2364
844
843
1702
874
1286
2039
1219
636
915
1277
817
1626
855
2338
970
2019
1233
1178
2264
1247
1245
827
1425
939
1906
1690
2533
975
1090
1324
1808
1578
671
2423
1356
1468
1385
980
1583
1550
1218
1875
1555
1378
959
1931
1257
1521
1370
2496
1091
768
2349
1234
1157
2121
1766
1939
728
577
2120
1182
1016
1938
1819
1565
822
847
1416
820
2127
843
1326
864
1193
953
1509
639
725
1092
1094
1489
919
1401
1821
1129
817
963
1018
1269
1178
1239
1652
1109
848
870
2006
2139
2055
647
1069
982
623
1413
2231
792
667
2054
2087
713
1047
2302
977
915
1054
1113
2366
1002
1236
2147
1073
1680
931
1377
2155
1477
1689
1266
1202
1803
2014
737
2479
588
2062
1076
1706
1829
1730
826
1491
1291
2169
1537
1495
1218
1734
1590
1444
1393
984
1621
1766
1079
2364
867
792
594
1768
1165
1097
1471
1251
1292
1759
1096
1499
1421
1365
1922
2386
1092
2480
948
775
1235
1154
1143
1765
1375
1788
1328
624
1915
1452
1683
1784
1034
1366
1016
1480
1355
1922
1442
847
1102
1443
1009
1450
1721
990
1489
813
1311
793
2517
1503
690
2777
1924
735
1279
1505
1132
834
1030
1576
1549
1155
905
1430
1587
1043
1291
1274
717
1742
1589
765
704
1034
2009
1381
1507
1502
1591
1143
1291
1545
1988
838
1366
884
1754
1658
1006
1193
850
1300
1092
1009
906
995
910
877
1825
1420
1377
606
1206
1504
1008
1115
1085
713
982
613
2370
1122
1323
1695
1283
623
939
2477
672
1335
1713
1347
2248
1393
1926
2346
1516
1271
913
2635
1146
1821
823
1076
2200
1473
1443
1124
1068
813
725
1303
953
1596
1455
1069
857
1424
748
1302
1438
686
897
1421
871
1003
829
2164
992
1184
1137
822
1023
2366
911
1295
1747
1518
1313
755
890
907
1099
738
877
1118
786
1493
1127
2642
982
1586
1226
963
1851
1402
1331
1557
852
755
1475
1743
1274
964
1891
1053
1337
1366
1460
931
1604
1483
1787
2176
1175
1335
1242
1377
1070
1799
1046
573
1425
1424
1106
2141
663
1901
1085
1526
1495
1943
1491
1016
1398
1322
1516
1559
1440
1388
2514
1023
1531
2177
1467
1195
834
1392
953
602
2176
1524
1381
1271
1476
2317
1391
1660
1683
1022
1667
1851
1017
1096
2227
2402
1812
659
1704
893
607
2528
2330
1705
1193
862
2450
2537
1467
1560
688
838
829
1885
1469
1803
1162
2334
1070
1122
1660
933
674
1461
1036
1376
1261
747
972
982
641
1539
872
2288
1438
1992
925
1929
959
992
1372
1689
1325
868
1302
978
1260
1740
822
1089
1887
760
778
999
1450
2252
897
1423
1222
1078
1243
1107
1272
624
2495
634
660
1740
829
1689
2241
1199
1039
1725
1717
1838
1378
1385
2330
1843
1753
1388
1344
995
1025
1739
1857
2265
1419
867
1472
1533
920
1168
780
2564
690
970
931
738
1396
2204
669
921
1512
1741
485
1512
772
1237
701
1748
2252
2034
1706
1202
1239
1000
2040
1547
704
1877
1067
1152
2054
803
1003
1190
1054
1982
1219
2137
1493
1900
1432
934
1169
1262
1182
2402
1362
696
2508
911
1342
1664
573
2120
1187
1184
1236
2005
1714
965
1616
1448
1540
1083
1193
844
1086
803
963
787
1087
934
1445
780
911
1034
2103
1108
2105
1072
664
1717
1628
1356
1256
1295
1423
2243
3044
980
2048
1510
1584
2048
1025
578
1176
969
1812
1844
910
1458
1312
2288
939
721
1369
1937
1557
2718
1076
662
1159
1817
1460
1086
1581
1217
1051
848
1453
1448
1592
1026
1944
1430
841
1400
1361
760
1238
1304
1253
665
1251
1198
1632
2229
842
1149
2578
1039
942
2108
1698
1017
1130
1526
1097
2434
1182
1277
1997
1929
732
1533
827
2154
2562
1017
1032
774
1660
728
838
1068
1920
917
980
1860
1235
1349
1992
1029
848
608
1053
1429
1513
975
1423
1356
1072
1297
850
2655
1696
1099
644
956
912
2108
1235
999
1006
1488
1078
1685
1850
1476
1242
1614
2107
1613
1663
1942
1512
1943
1795
1893
1674
2469
2071
1697
2045
2299
1810
988
2410
1901
1743
2269
2227
1325
1930
1040
1773
1849
995
2156
2231
1897
1897
1737
1794
2002
2058
2009
1169
2062
1776
1287
2162
1786
2081
2226
1676
2143
1512
1010
1406
1594
2126
2378
2062
2109
1619
2226
1260
1279
2190
2090
2108
1512
2272
1240
1917
1132
1549
1776
1242
1291
1835
2277
1383
1429
2470
1709
1688
1887
1218
1263
1522
1973
1122
1913
1258
1908
1687
1952
2506
1618
1653
2214
1548
2589
1794
2227
1363
1988
1858
1688
1822
1740
1983
1925
2185
950
2068
1857
1930
2142
1905
2005
1934
1450
2137
2098
1929
1145
1876
1779
2037
1750
2006
2263
1782
1952
1864
1112
2077
2195
1855
2272
1855
1652
1201
1924
1509
1796
1945
2114
1745
1464
1227
2044
1787
1933
1943
2329
1950
1799
2173
2227
2410
2126
1708
2073
2145
1933
1289
1875
1813
2001
1644
1140
1023
1779
2081
1818
1905
1816
1116
2207
1384
1339
2401
2137
2180
2263
1634
2377
1687
2264
2154
1920
1961
2254
2009
1846
1748
1167
2298
1148
1889
1961
1772
1961
2028
2079
1898
2081
1792
2327
2024
2060
1355
1059
1913
1846
1521
1896
1901
2075
1745
2015
1804
2040
1648
1558
2143
2107
1681
1846
1930
2291
1939
1864
2654
2617
1761
2053
2167
1335
1711
1893
1346
2126
1248
1794
1268
1314
1870
1687
1903
1908
1107
1819
1217
1794
1253
1687
2169
1792
1687
1241
1812
1512
2670
2005
2372
1321
1569
1748
1980
2366
2007
1360
1302
2028
1852
1799
2364
1193
1670
1850
1971
1963
2145
1858
1925
1269
1580
1469
1968
1647
1613
1652
1507
1690
1805
2135
1826
1166
1632
2023
1261
1796
1929
1495
2053
1916
1676
2141
1422
1501
2261
1609
2167
2060
2369
1463
1985
1953
1439
2003
2415
1965
1400
1974
1911
2195
1787
2008
2029
1248
1355
1818
2005
1849
1719
1785
1755
1813
2083
1764
1522
1538
2756
1799
1811
2138
1427
2194
2251
1394
2248
1178
849
1275
1764
1116
1916
1952
1423
1163
1581
2366
1164
1093
2380
2014
1857
1950
1834
2349
1869
1700
1722
2327
1695
1708
1169
1714
2173
1799
1658
1926
2654
1787
2045
1549
1589
1576
1947
1142
1892
1217
1080
2594
2310
2016
1157
2117
1819
2014
847
2343
1581
1500
1626
2248
2111
2079
2570
1790
2137
2082
1964
1470
1963
2060
1423
1792
2226
2010
1817
2058
1941
2048
2371
1474
1815
1306
1941
1131
2184
891
1840
1893
1541
2045
1175
1442
1136
1927
1379
1864
1709
1294
2444
825
2115
1007
1556
1142
1478
1758
1379
1925
1848
2515
2263
1311
2218
2263
1557
1429
1794
1161
1993
2275
1905
2217
1767
1838
1921
1939
1942
2340
1584
1673
1992
1339
1379
1237
1047
1800
2648
1647
1703
2115
1140
1869
1022
1865
1600
1832
1439
2026
1497
2037
2081
2167
2269
994
1967
1062
2263
1726
1923
2190
1972
2105
2121
1474
1620
1698
1465
1655
1353
2151
1587
2343
1779
1219
1957
1714
1761
2070
1924
1746
1992
1870
2227
1926
2056
1263
1714
2475
1870
2010
2158
1815
1216
2152
2003
1210
1538
1919
1267
1289
1262
2093
2081
1973
1952
2326
1921
1740
1092
1541
1985
1199
2393
1301
1929
2011
2056
1721
1202
1015
2056
1342
1829
1803
2271
2057
1834
1563
1462
1753
1905
1952
1800
2085
1499
1676
1923
1662
2459
2076
1744
1945
1892
2310
1950
2594
1687
2298
1978
1673
1769
1322
2074
1923
1903
1410
1823
1531
1950
1958
1541
2570
1439
2525
1138
2173
1315
963
2135
1858
2281
1816
2043
2068
2240
2165
1789
1996
2434
1742
1998
1756
2141
1939
2413
1300
1722
1971
2066
996
2366
1090
1635
1238
1240
2035
2112
2112
1722
1875
2141
1987
1689
2061
1726
2048
2348
1686
1939
1574
2170
2098
1976
1632
1785
1600
2075
1865
1820
1723
1309
1933
1008
1816
2410
2127
1642
1913
1792
2592
940
1186
1258
2287
1844
1104
1958
2187
2272
1724
1698
2114
1349
1417
1920
2275
1864
2099
1831
1835
1423
801
1865
1608
2276
2328
1359
2410
1796
1744
1772
1470
1746
1637
1591
1583
1923
1687
990
1928
2145
1870
1516
1076
1886
1430
2091
1805
2140
1294
1676
1619
1952
1295
2164
2038
1993
1129
1682
1200
2213
1676
1811
1728
1890
1631
1850
2043
2009
1653
1890
2043
1325
2244
2043
1242
1753
1584
1908
2164
1699
1352
1911
2056
1708
2056
2179
1560
2525
1807
1981
1861
2177
1368
2514
1911
1622
1470
1721
2729
2240
1647
1199
1803
1070
1348
1698
2073
1792
2244
2275
1616
1277
2378
1647
1413
2156
1831
1394
1926
1377
1935
1929
1897
2066
1198
1967
1771
1858
1451
2145
1801
1239
2300
2470
1383
1755
2298
1514
1786
2327
1025
2271
1998
1921
2248
1847
1422
1796
2310
1904
1132
1300
1900
1695
1979
2097
2589
1509
1066
1892
1360
1515
1932
2447
2069
1732
1348
1662
2196
1992
1642
1919
1089
1623
1513
1481
2062
1844
1389
2099
2187
2413
1396
1727
2636
1901
2659
2464
2352
1579
1291
1253
1929
2237
1328
2374
1867
2093
2332
1929
1952
2290
1801
850
1490
2160
2203
2932
2119
1477
1895
2106
2447
1363
1222
1249
1647
2137
1311
1334
1879
1786
1776
2106
2051
2114
1874
998
2155
1977
1935
2081
2729
2045
1859
2231
2368
1417
1995
2026
1687
1107
2073
1937
1740
1492
2237
2170
2175
978
2195
1773
1890
1721
1431
1430
2010
1858
2120
1345
1870
1875
2410
1258
2009
1801
1635
1935
1953
2165
2154
2749
2142
1676
1450
1157
1917
1696
1328
1239
1800
1700
1340
1155
1711
2592
1465
1638
2263
1835
1738
1849
1890
1810
1970
1926
1662
2368
2556
1817
2081
1335
2138
2392
1354
1936
1945
1927
1180
1644
993
1970
1573
1547
2031
1841
1472
2104
2034
1266
1794
1965
945
1904
1174
1757
2328
1858
1956
1941
2471
1198
1904
1445
1980
2195
1881
1955
1628
1834
1656
2388
1734
1912
1122
1886
2428
1802
1961
1977
1506
2026
1914
1204
1833
2308
1798
2269
1828
1914
2034
1695
2642
2310
2074
1935
1655
1304
1836
1727
1014
1986
1146
1087
1815
2076
1468
1928
1315
1276
2127
2069
1814
1500
1562
2443
1684
2360
1754
2053
1701
1983
2552
1987
2358
2102
1928
2047
1508
1109
1797
1878
1532
1684
1326
927
2283
1180
1345
2039
1281
2224
1370
1744
2420
1166
1275
2005
2593
1959
1713
2126
1402
1098
2388
1254
2157
2014
2156
1107
1916
1842
1602
1871
1441
905
1988
1374
1917
2015
2324
1810
1428
795
1679
1735
2201
1100
2280
1504
1189
2047
1071
1498
1949
1690
1905
1185
2098
1754
2159
1842
1228
2186
1162
2050
1274
2042
1854
1740
1702
1895
2087
1893
1514
1016
2058
1551
2308
1194
1755
2162
1854
1913
1144
2142
1260
1292
1203
1241
1219
1114
1983
919
1885
2052
1493
1165
1757
2424
1514
2031
2112
2165
2297
1831
2113
1520
1840
2059
1914
1557
1968
1706
1778
1532
1351
1346
1377
1445
1774
1819
1744
2225
1451
2213
1669
1704
1468
1669
2273
2463
1735
2021
1852
1859
1334
1904
1964
1891
1799
1672
1803
1306
2314
1214
2012
2089
1773
1368
1307
2168
1265
2075
1410
2071
2104
1729
2194
1901
2066
2128
2181
1129
1656
1893
1227
1637
1712
2151
1418
1509
1859
1905
1842
2112
1503
1236
2052
1774
1970
2210
2101
1117
1628
1797
1732
2168
1330
1962
1287
1445
1641
1801
1128
1622
1822
1735
2135
1335
1921
1343
874
1827
2026
2733
1972
1379
1267
1552
1860
2509
2227
2085
1312
2136
2168
1760
1961
1926
1950
2027
1557
1834
1575
2334
1693
1501
1348
1791
1957
2563
1935
864
1123
1708
1673
1144
2015
2624
1362
2848
2570
1865
2222
2157
1902
1360
1499
924
2463
1156
1849
1165
2104
1593
2008
1833
1810
1153
2017
2008
904
2012
1362
2135
1221
1292
1671
1261
1513
2260
1822
1763
1367
1961
2112
2430
2068
1770
1696
1966
2523
1332
1795
1655
1968
2000
1757
1188
1483
1336
1686
1924
1873
2563
2102
1927
1463
1756
2132
1162
2075
1622
1992
2114
2419
1860
2165
2626
1844
1992
1603
1813
1999
1068
2016
1211
2035
923
2452
1234
1921
2593
1930
1276
1184
1280
2034
1729
1466
954
1179
1842
2342
2703
1295
1892
1444
2443
1573
1733
1326
1930
1905
2194
1895
882
1774
1326
1671
1893
2510
1852
1368
1997
1943
2010
2000
1295
1882
2328
2297
1907
2346
1722
2206
1637
1351
1547
1734
2123
2313
1208
1225
1397
1193
1981
2112
2060
2079
1846
1632
2211
1568
1777
1457
1930
2006
2030
1728
1824
1606
2240
2202
1176
1905
1735
1701
1755
2275
2015
1708
1250
889
1672
2105
1374
2299
1353
1892
2642
1791
1149
2324
1344
2030
1995
1386
1965
2013
2798
1834
898
1957
1095
1822
1868
1647
2191
1690
1423
1889
2223
1063
1155
1172
1900
1779
1791
1696
2100
2105
1935
2027
2226
1600
1189
1609
2040
1465
1799
803
1144
1964
1656
2176
2228
1110
1485
1754
1387
2625
1804
1864
1959
1098
1548
2229
1534
1692
2073
1989
1549
1401
1646
1971
1882
1798
2202
1950
2027
1801
1534
2437
1261
1719
1754
1989
2164
1802
2109
1435
1792
2151
1999
2059
2707
2260
1854
1693
1760
2075
947
1673
1740
963
1336
2733
2575
1787
2023
1749
2013
1150
1826
1805
1485
1423
1307
2157
1974
1904
1449
2431
1451
2029
1441
2065
1899
767
2210
2041
1622
1904
1787
1692
2052
1899
1228
1943
2159
2047
1742
1990
1957
1844
2028
2065
1791
1706
1424
1917
1950
1828
1252
1760
1905
1390
985
1319
1708
1660
2378
1910
1803
2023
2232
2000
1745
1420
2452
1773
1501
1663
1713
1196
1783
2494
1807
1886
1792
2034
1198
1785
2021
1923
1645
1844
1477
960
988
1991
904
1112
1832
2153
1115
1278
1814
1926
1616
1276
1985
1950
1646
1669
2468
2552
2030
2104
1902
2021
2100
2232
2075
1942
1926
2541
1251
1663
1760
1632
819
2159
1912
1291
2467
1794
1865
1942
1913
1433
1822
2048
2163
2425
1926
1859
1892
2292
1836
1734
930
2346
1943
1982
1291
1774
1078
2267
2047
1507
1580
2552
2467
1696
2127
1613
2380
1660
1713
2155
1828
2331
1936
2074
2195
1818
1893
1971
1595
1915
1609
1213
1737
1222
2052
1139
898
1603
2028
1121
1388
1707
2159
1852
1237
747
1925
1733
1274
2350
1598
1855
2030
1108
1464
2166
2216
1225
2034
1710
2153
1655
2162
1818
2042
1722
1891
1573
1801
1494
2159
2163
2244
1706
1859
2419
1935
1310
1801
1834
2316
1273
1799
1936
1337
1330
1673
1870
1957
1380
2474
1105
2153
1842
2016
1939
2087
1976
2267
2227
1414
1624
2703
1416
1962
1560
1735
1977
2328
1767
2135
2058
1362
1832
1505
1509
1728
2156
1525
1505
1904
1403
2152
2126
2480
1857
2166
1993
2351
1738
2051
2152
1477
2112
1847
1989
1966
1222
2117
1412
2262
1915
1815
1814
1315
2075
1268
819
1331
2074
1843
1672
1252
1648
1473
2003
2068
1840
2387
1498
1701
1727
2239
1422
1842
1687
2155
805
1362
1063
1091
1152
2176
1727
1983
1218
1560
1881
1913
1883
1981
1647
1837
2004
1722
1733
2030
1779
2424
1833
1985
2575
1901
1709
996
2005
940
1654
1976
1871
1999
1824
2206
881
2804
1858
1966
1847
1804
1414
2066
1143
2226
1880
1948
1277
2032
1453
1814
1445
2058
1341
2026
1644
2116
2223
2090
2082
1262
2058
1980
1983
1724
1336
2135
2576
1401
1930
2378
1598
1074
1769
1339
1809
1635
2327
541
1418
1915
1772
1716
2061
1999
1565
1043
1748
1952
1398
613
2654
650
666
1655
1840
1698
875
666
985
844
1250
2051
1311
844
1498
2391
1752
1040
1879
1115
1674
2371
972
1981
1172
635
720
1169
1941
2025
1897
2525
2107
1325
523
1335
2328
1228
1933
2683
1753
1970
1905
703
1572
2290
987
2383
1026
1534
1396
767
983
1315
1427
983
1935
1636
708
1161
1129
1422
1897
2349
604
1600
1961
2300
1360
2026
1907
656
1050
2302
1378
1906
1057
1804
1893
1128
1947
2135
1435
2025
2281
1862
1800
2069
1625
1761
1258
1620
1940
2197
1646
837
2515
1846
1384
2283
1339
1394
1751
2326
592
1127
2068
2298
1464
2160
2774
1202
1797
1275
962
1223
1864
1542
847
1687
1548
2290
1009
745
959
1344
710
1964
1667
1784
1394
1771
2091
1379
2227
1583
2832
1028
1950
1856
2050
694
1352
1321
2100
2041
1466
2165
1106
2048
801
1673
1260
1329
852
988
2009
1037
1897
1958
1237
810
1365
1033
2143
1943
1971
2005
801
1513
1163
2261
1512
1900
1723
1662
1875
1987
2102
1939
679
1263
1545
1772
2340
637
1923
1738
793
2856
665
1287
2109
1364
1134
1880
2181
1738
1829
1923
1447
1240
2126
2218
1369
1539
1204
1346
2262
1934
1974
1478
955
1018
668
2111
1423
1933
1708
1294
2163
2078
587
1272
1138
2174
1881
1884
2592
1104
1140
1125
1451
1887
2292
1261
1865
1568
1879
2081
1952
746
1327
1652
1558
2187
1166
2059
1555
738
1142
1438
1853
1170
1754
1231
2387
1892
1690
1161
1846
1116
2059
2119
1171
1337
1153
1673
2466
2161
2470
2227
1216
1492
1286
1557
1104
1708
990
1647
1490
1345
1647
1858
1125
1979
724
1214
990
1070
1190
1761
1779
2298
1335
2141
1755
1670
2369
2108
1492
1163
2009
968
836
2195
667
1505
2164
1920
1518
1151
1835
1801
1932
1073
1467
1779
1615
1044
874
1132
1353
1074
1311
1397
1359
1659
3067
2327
1940
1277
2272
1420
1686
1119
2480
2243
2077
1785
1513
1950
1755
2081
1033
751
2077
1454
1584
2364
960
1133
2093
1183
843
1387
1005
1272
1889
1732
1697
1431
2010
1266
1796
1905
2032
592
2519
2310
1621
804
848
2155
1086
1855
1456
1527
2194
784
1268
589
1451
2084
1301
1013
1164
2410
1727
1930
1278
1801
1772
1864
1882
835
1608
1431
2269
1206
1929
1068
1834
1439
1945
1851
706
1681
2248
1958
1253
2506
2434
1514
788
870
877
2123
2279
1766
1988
2269
1916
1681
1307
1576
1091
1871
1800
1140
2203
1689
2658
1923
2014
2071
1028
819
2145
1658
998
1430
2145
1971
968
1632
1603
2119
1889
635
2292
1053
752
685
2016
2011
1339
1604
2276
1635
2178
1258
1916
1560
885
2256
1355
1919
1740
2263
1474
2127
1764
1785
1096
2028
1721
1844
1271
1131
1114
1937
1751
1500
1512
2466
1437
1642
2141
1838
724
1587
1918
1952
1568
2143
1396
1314
1871
1214
1939
1617
1431
811
1238
1666
2514
2037
1947
1015
1281
1430
708
756
2058
2850
1197
1456
1555
2254
1712
1748
1834
1127
1889
1771
861
1512
2097
1845
1438
1586
809
860
2368
2196
2120
709
1695
1405
1096
2048
1430
1792
1674
1500
1803
905
1998
2099
1680
1755
960
2628
1726
1121
2086
1782
1848
1221
1744
1406
834
1615
2185
2244
875
2264
2533
1583
2193
2366
2374
1794
1686
2227
1799
1903
1186
2131
621
2368
1682
2014
2653
1709
1230
2164
1249
1556
1022
1218
1869
2014
1107
779
1645
873
966
2043
1324
1071
1192
1564
1178
827
1284
1110
1716
1328
1663
1527
1184
1633
1164
1858
1929
691
981
2024
1205
1248
1799
2218
1230
1563
1052
1819
1864
2377
1427
1344
2378
1758
1349
1766
1602
1091
2799
1121
905
2369
1325
1349
1769
1929
1483
2143
2327
1760
1329
1196
654
1308
2376
1134
1864
2165
2335
780
991
2158
1875
1698
1146
836
1663
1300
1750
1743
1546
929
1687
724
1836
1515
1428
1217
643
1194
2420
1790
1831
1247
1647
2211
1631
1859
1726
1522
1052
899
1911
2053
1589
1612
1153
1074
1659
2007
1435
1941
2371
909
1414
869
1976
1811
1451
1900
1363
2193
967
1820
2060
1418
1281
1094
530
2685
2002
1147
1746
802
1149
1676
1878
917
2184
2066
722
1876
1789
609
847
856
751
1869
1010
1583
1658
1193
864
2068
1890
1197
2317
2366
1013
676
1926
2066
1115
1602
1275
1132
2131
2043
2028
2266
2291
2231
2372
2380
1024
1470
1703
1451
1949
1631
711
1315
1231
624
1722
1338
705
1794
939
1439
1156
1374
1335
1936
2340
1649
1061
1221
1822
1685
1785
2249
1444
2525
1881
2372
535
1786
2269
1594
1052
1334
2001
2899
1148
1875
699
1462
1701
2214
1521
612
2415
1831
1973
2573
2085
1444
1618
2169
656
1855
1961
2271
1566
2190
710
1405
2422
745
928
1740
2688
1810
1616
1609
994
1370
1775
2026
1905
1527
920
1962
956
1953
1744
962
1671
900
1927
2310
1153
900
1786
1663
2595
2045
2048
1397
1722
2199
2187
1574
999
1819
1708
1921
952
2492
2436
738
1071
1717
1562
1638
535
1501
1047
1598
904
2181
1108
2541
900
1015
2743
2318
2052
2979
1541
1634
648
659
1213
608
1963
1351
1217
2352
1858
2292
2269
1439
1819
1236
1722
1103
1987
1380
1544
847
1776
1210
2701
1979
1917
1429
2135
1272
1826
1908
569
2236
2037
1942
2048
1670
1291
1469
1852
1952
1887
2137
2856
1628
1794
2114
1904
1251
671
2117
1448
723
1342
2291
2106
1101
1145
1985
1737
1714
1381
539
1835
1962
833
1764
1466
860
2151
966
1429
1630
2556
1307
2277
1614
1730
873
1714
717
2076
850
1826
1811
1940
1012
941
1687
949
1861
2476
2073
1385
1513
611
1314
1484
1267
1027
995
1644
2186
1015
1076
1633
2434
2208
2123
1610
1438
1319
1902
2008
1968
2137
986
1616
1170
2165
991
796
1787
1805
1228
1112
1829
1522
1189
1472
2932
2232
2095
1786
750
1458
1514
1418
1699
1302
2432
1363
816
770
800
775
2131
1932
1287
1023
1007
819
1498
1464
2657
635
1561
1294
1698
1440
1044
1817
1669
1442
1191
599
1053
2231
2270
1155
1985
686
1919
1517
1238
1409
1047
1480
1884
1575
947
2213
1925
1921
2138
2392
2388
1417
1427
2642
2209
710
1216
2332
726
2261
1704
1872
2184
2237
986
2594
1322
2621
2090
1579
1646
1801
704
990
1647
1771
2592
2316
2593
838
2015
2126
1410
1893
1371
2077
1709
898
1320
1188
1763
613
1728
1291
874
926
2168
1794
777
1758
1941
1629
661
1432
2287
2648
808
1470
2177
2126
1731
1232
1497
1443
2372
2153
1687
676
2560
2478
2227
699
726
1348
994
1986
1803
1722
1751
1002
828
1297
802
1364
2520
2323
1298
2180
2056
1038
1734
2201
1611
984
1516
611
1179
795
1145
1471
1325
836
1125
1807
2068
1938
2143
2299
1220
1441
806
917
1632
2648
2056
2310
1770
1933
1961
1647
1676
2410
1999
796
1485
1916
1980
2079
1046
1347
1664
1291
2187
1816
1952
2137
2167
816
1633
1880
1231
1246
2017
1370
2329
1119
1375
1037
1705
1799
1229
922
1854
1080
1635
1339
2142
1450
1439
1231
1751
1886
880
1822
1604
1549
1286
1390
981
2107
1385
1583
835
1260
900
2659
1682
1690
1184
2327
1310
1705
2081
1178
2393
1642
995
2138
1722
1988
1886
2266
1672
1246
1080
587
1706
2112
905
1035
2276
1510
944
2231
1580
1924
624
922
2121
1799
2028
2045
1059
1359
1051
843
1306
658
1872
1756
2025
1050
1947
2045
1494
2115
1429
816
667
948
1661
1923
2371
1772
656
1962
807
1834
2105
1023
1950
2073
676
1050
2177
1009
1002
1353
1998
885
1487
2083
1688
1138
1773
1460
2415
1913
1320
899
960
1064
687
669
1258
1022
2376
2108
1591
2253
1687
1902
2113
1307
1801
1854
1228
1293
1235
2039
2126
2104
1678
2267
1758
1858
2292
1926
1513
1653
2207
1438
1657
1295
1146
2053
1555
875
987
1977
936
838
1431
2108
1970
830
1782
2046
1188
1895
2514
1150
1568
1417
1589
1261
1539
1604
1178
1259
1122
828
1351
1836
2014
1884
1880
1004
1423
1161
2244
2039
2245
2271
1818
1070
1116
1775
2757
1091
1690
1036
2129
812
1647
2159
1901
2038
1187
1247
1926
2099
835
2256
1653
2263
2352
1488
1277
1220
827
898
1029
1646
1515
2888
1190
1502
921
1989
1320
1230
1795
1166
894
1823
1051
859
2444
1446
837
2020
2126
2734
2190
1525
1423
1052
1998
1584
1568
1055
1884
1626
1281
2594
1796
1474
2071
1905
2209
1756
1785
1203
1222
971
2024
1894
2216
2151
1377
1102
1406
1622
2143
1672
2797
1727
1634
1439
2067
611
592
1526
1823
1541
1942
1260
870
2060
830
611
2041
917
1748
1932
2570
1896
2231
934
1890
1026
1384
1553
2112
1792
909
1708
1927
819
2003
1830
812
1850
1901
1074
2281
1848
1745
2158
792
1882
836
1952
2410
2091
2299
2141
1294
1273
1150
1621
1254
1815
879
1147
1898
2033
2348
1731
2340
1673
1562
2410
2244
910
2300
917
1776
1170
2173
795
1653
1474
1952
1630
2299
1524
2382
1524
1512
1217
1934
1888
1850
1307
1046
1703
2003
761
1011
1823
1583
1758
959
2037
1939
1079
1905
2343
1193
1002
1522
2364
589
1389
1353
1205
1370
891
1159
1698
1361
1642
1711
1410
1062
1022
1917
1557
1154
802
815
2237
1165
1335
2231
1502
1950
1787
689
2193
1894
1214
2114
2266
1848
835
1034
1252
1947
1919
843
2179
1342
687
1571
1089
2520
1629
1547
1204
566
949
1462
1687
1513
1379
2659
980
2269
1930
2464
1110
1110
2148
1977
2256
2041
813
2277
1580
1688
1955
1474
952
2065
1270
850
1672
2469
1157
650
2264
1676
1546
850
2515
1033
1474
2715
864
1846
2140
1177
1381
1941
1184
2184
1008
2083
2729
1858
900
2310
1891
2520
1446
959
2029
1151
2033
1144
1048
1723
1902
891
1996
2595
1767
2066
1711
2852
1278
659
1616
2393
2070
1858
1589
1138
1355
1467
1755
2261
1905
2165
1897
900
1756
983
2010
1836
1931
780
1869
1321
959
1740
2263
930
1122
2145
1269
1745
2081
1121
783
2138
1581
1552
1061
1893
1338
1346
2009
1797
2156
1339
1262
1941
1917
1218
1153
1585
1766
1911
2000
2056
1176
1634
879
2438
2060
2348
1478
1327
2366
1813
688
2436
1729
1541
2327
2527
2670
1613
1334
885
811
1742
1278
2083
2495
1025
996
874
730
1869
1307
1425
2263
2298
1711
1231
1976
1767
1003
2173
2731
1242
1270
1937
2286
1912
1846
1926
1610
1995
954
1096
784
1952
1382
2063
1137
1107
756
1617
2314
1500
1175
1731
1373
1387
2266
2231
1663
1817
1465
1914
1897
1719
1614
2153
1532
1050
2082
2374
2470
1728
1790
2041
2348
1081
2319
2153
1576
1364
2114
1133
1064
2368
2062
892
1928
1469
758
856
1468
2169
2584
1918
1107
1852
1278
1970
983
780
1990
1697
2127
2021
2408
2040
1754
1628
1452
1665
1076
2731
2027
1291
2848
1368
767
2123
1737
1773
1467
2308
1591
1334
1102
1184
1113
1696
2135
1256
870
1654
1543
1105
1441
1016
1767
1913
1336
1997
1178
1521
1602
1557
1477
1367
1384
822
1689
1480
1725
1808
953
1003
1701
1425
1888
2239
2027
1359
696
1836
2042
1651
925
934
1900
1779
1824
842
1595
1859
809
2156
1357
1378
982
1964
1390
1422
1784
2471
1008
1913
1400
2018
1246
1809
1204
2239
2027
1993
1016
1860
2330
2532
1161
1727
2166
1495
2495
1602
1280
2128
1364
1690
1293
1450
2164
1793
2350
1904
993
1297
1155
1133
2508
1749
992
2316
1452
2364
1536
1732
1713
2479
1537
920
1458
1375
1003
1020
1309
1881
2417
1755
1898
2352
1505
1890
1156
2097
2718
2168
915
2155
1016
1179
1087
2267
1982
1204
660
1193
1660
1730
2733
1073
2065
1867
2341
1720
758
1233
1733
2313
1837
1386
2012
826
1423
1586
906
1514
1795
2163
1100
1895
1092
1206
1187
1628
2089
1502
2604
1821
1169
2297
1435
1295
2112
1923
1003
1753
1463
1719
1724
1965
1506
1818
1628
674
1375
1336
1899
1966
1771
1803
2160
1559
2013
1340
1152
2048
671
2120
1506
1404
1507
2017
2424
485
2239
1178
1571
1802
2192
1930
664
728
1376
1669
1892
2576
989
867
2468
1469
2051
3159
704
2216
1669
931
1509
2087
1664
898
1935
746
1441
1733
1250
1728
1169
1886
1904
1941
1434
1650
971
1386
1219
1990
1174
2082
1798
1107
1791
824
1419
1566
823
1141
1053
1469
1147
1988
1593
1889
1277
2097
2328
1483
1091
1264
1833
2087
1450
1275
980
792
721
2624
1840
991
638
1566
1092
700
2094
1631
2201
1988
1713
977
630
1538
1566
971
2733
1927
1233
2227
1342
1916
1260
2012
2028
2419
2153
1836
2204
1580
608
1778
977
1572
1390
1064
793
2146
1710
948
1319
1099
1195
1018
953
1420
1860
1489
1791
2190
2159
1628
1118
1779
776
921
1673
2275
1586
1162
2703
1253
1297
939
834
933
1326
1771
1834
2137
1855
2005
2250
1499
2707
970
1340
1064
704
1644
1851
1995
2105
2176
1233
2194
1837
1812
2026
1835
1416
1337
1829
2157
1904
1018
2621
1599
1502
990
1757
2552
2162
1894
1477
2240
2202
2051
995
2074
1191
2108
1324
1540
1418
2186
2625
1420
1534
1295
1122
1712
1997
1624
2026
1098
2297
1630
1128
2703
1471
992
1071
1426
1216
1652
1797
1205
1735
1593
848
2051
1151
748
1672
2162
1304
1377
1923
1807
1767
2348
1144
1959
1454
1912
1368
1451
1360
1457
2100
1330
1730
2075
848
1500
1072
1213
1353
1898
704
1491
1821
1204
1509
1945
1219
1423
1134
2151
992
2031
1692
1746
2642
2348
1619
485
2195
2509
1990
1143
1893
1000
1764
2027
1309
1892
2145
1075
1069
817
686
1952
728
2477
1053
1312
1977
1342
1822
1139
1953
850
1560
957
2349
1311
1063
1149
1706
1671
2090
2152
1740
2047
803
2224
1151
1787
1827
1309
1076
1501
822
2014
902
865
1117
1981
857
841
1754
1798
1507
1724
826
1925
1295
1245
1664
1351
1029
1346
1393
1560
1966
2166
2335
1234
2541
1798
1428
1968
2804
2072
965
1573
1295
2288
1826
1957
1834
713
1731
1799
1924
1385
2297
1945
1832
1162
1955
1744
1923
1791
1096
1791
1123
1827
634
803
2389
1129
1743
1193
1339
1895
2065
1092
1304
2531
1096
2006
1526
1586
2606
931
786
2153
1647
1970
1646
1799
1641
1886
1939
1548
1596
2443
2165
2145
915
1026
1369
940
2048
1833
1524
1409
1422
1904
1690
987
2223
2162
678
1017
2094
1673
857
606
1694
1789
2528
1187
1565
1989
920
1828
838
1815
2116
1189
1792
1814
1774
734
2032
843
1840
803
1820
2366
1377
1017
1139
1637
1439
1991
2467
1559
2100
1842
1926
1072
1106
1829
1247
1696
1268
1383
1658
748
1957
1539
1344
1445
2186
1760
2535
1198
984
2202
1029
1986
1625
2104
1233
2139
803
2034
2425
1463
2090
623
2072
1279
596
1646
1886
2058
988
1380
970
2657
765
969
1495
1337
2030
1457
1312
2328
1375
1397
2563
1722
1529
1596
1803
1455
919
1383
1224
1249
788
1243
874
1353
2034
2014
983
1100
848
994
1444
1547
1547
1070
1794
1117
1427
1194
1199
1445
2162
1416
1935
1804
1851
1810
1735
1829
1917
1004
2072
1491
1078
1420
1370
829
2434
672
1155
2207
1731
1801
2562
2195
835
2498
2059
2156
2058
1885
665
2000
1971
1458
2398
2164
1235
1277
1476
772
829
1031
747
1538
980
1917
1076
988
2034
910
1799
1734
1345
1559
1159
2121
1140
2654
1133
795
1999
1362
1267
2194
2299
873
1792
2017
760
2213
1735
1076
2707
854
1303
2104
1102
2474
1692
954
2423
1578
1228
2079
1873
679
2575
1825
2066
1971
1176
1054
1968
2288
979
2664
1944
1740
1936
690
939
1846
2026
1117
820
1564
906
1710
1237
1966
2275
1891
1824
1520
1882
2168
1663
1233
2038
1271
1025
1404
1534
1079
1727
2430
1598
1915
1169
1997
1595
2252
2026
1634
866
1030
1053
1154
1940
1512
1809
1354
1656
1024
1006
1127
2034
1325
1893
1269
933
1925
1212
1182
1805
1841
1340
1138
2031
2358
2624
1719
1096
1557
1251
1714
1727
1883
2188
1339
701
1474
1269
1456
1217
1946
928
1687
1286
1803
1254
1508
1704
1034
1871
1374
1008
1736
2055
1022
1833
2300
1002
1144
2075
1993
1283
1837
1152
1992
1902
1842
2144
1981
1590
1735
2575
2159
1964
931
1094
2074
1989
1638
1925
1722
1384
1696
1504
1909
917
1673
1243
1465
2419
2317
1684
1742
1401
1598
1911
744
1837
1326
1025
1400
1704
1415
995
2523
2074
1791
2047
1196
1493
1821
1794
1813
1276
2155
1460
1935
1870
2307
2047
2108
1801
882
1261
1243
1708
1183
1096
1448
1097
1131
2102
1063
1982
2308
2316
2069
1968
813
2165
2480
665
995
966
969
1792
2040
1505
856
1438
2135
1702
1367
2160
1515
851
1425
1006
2223
1319
787
1733
1347
1774
1178
2053
1914
2008
1379
1858
1036
1795
1368
1368
1615
688
1260
775
1026
1693
635
1912
890
786
562
701
2032
1405
937
1886
1216
911
1721
1963
663
2040
1659
835
1172
1090
1747
1266
2267
1033
855
1980
701
1358
1655
2015
1580
1531
919
2211
1921
1914
1904
2034
1547
1557
2104
1667
1965
1472
1798
836
1844
1901
2073
747
1047
1467
869
1333
1331
1815
1536
2155
876
1602
1042
2026
1922
2228
1334
1760
917
2156
1845
1442
1510
2373
2373
1362
2388
1828
1424
1767
1696
1013
1897
2000
838
673
1182
2346
1966
2575
1693
2260
2206
1655
1747
2116
820
1512
2126
1687
1564
1280
632
882
2468
2004
2046
1982
1747
1016
1972
1361
2108
1859
1810
2576
2104
1885
912
2350
1472
934
838
1108
1778
1705
594
1034
959
2051
1466
2051
1999
1753
573
1665
2064
713
2427
2010
868
1118
2135
1310
2235
1137
1819
2169
1357
864
2000
2039
1202
1942
1449
1713
1296
1957
807
1047
639
1151
1575
2052
1855
1313
2364
1690
830
911
1683
794
1917
2017
865
990
1935
1067
2197
1521
1043
626
1915
1799
1616
1188
1070
1328
1036
1265
1034
1153
1564
1233
1774
975
1622
1801
1481
905
1369
1959
2176
1655
1899
915
1069
1539
1514
1531
2034
1401
1509
1846
636
1309
735
1274
1175
963
852
922
1211
1706
2227
768
2194
2467
1512
2105
807
1984
674
2537
1573
1558
1887
2168
1983
2082
1192
2807
2132
1139
1507
1895
1444
889
844
1910
2260
1333
1660
1070
1427
2268
1013
2388
1724
1509
1034
2039
1473
964
963
1277
1133
2189
2321
1302
1203
2552
848
1840
1097
1276
1647
2005
1467
1051
2015
1381
1337
1757
1982
1143
1485
1533
1301
1453
1383
1921
779
2127
1904
1315
1295
1114
1592
1366
1429
1849
1370
966
1224
1239
1008
2287
991
870
1300
1451
1860
1393
1398
602
1146
959
2162
1465
1012
679
1154
1750
1901
1890
1518
1307
1893
1592
1236
1106
1897
1774
1275
1687
2270
1212
1956
1349
1478
1837
2029
2266
975
2564
899
1514
1843
1766
1630
1401
1444
1742
2031
980
2525
2476
1892
1095
1936
1953
2273
1865
882
1453
1270
1971
1693
855
2655
1086
2009
1616
2058
1999
1750
1774
755
2223
2060
1982
2057
1410
1512
822
1547
827
834
1839
2334
1428
1468
2162
1943
1485
2491
2488
922
2431
942
2654
1703
2028
1184
696
1120
1766
1842
746
1267
1926
982
1157
2059
725
1766
1085
898
1989
1655
995
2178
754
1585
925
2523
2324
880
613
1017
1549
1774
1818
1771
915
2229
1971
1445
677
2005
1449
1754
1763
1326
1209
1507
1276
2201
1976
928
1728
1003
1274
1773
1334
1025
735
2126
1271
1901
1463
1770
1832
1168
1360
999
1749
1292
1295
2224
1448
2064
1905
1604
2229
1922
1064
1222
1182
1495
2069
2225
669
1787
1283
1532
1272
1070
1484
959
1122
1261
1641
897
1915
1237
1706
1483
1912
1983
578
1208
1505
1795
1343
2102
915
2066
1370
644
2072
680
920
747
1930
1165
1532
1581
1928
1406
1647
1534
2047
1382
2206
1110
1180
1217
953
1526
1162
1533
981
1952
1252
1166
2578
1009
2181
1491
1073
2157
2379
1928
882
2106
1942
2428
1647
834
1926
1608
1031
965
2104
1695
2176
1548
1165
2042
1914
1520
2025
2005
2090
1606
1943
1055
2452
2047
2295
2059
1237
1253
953
1690
2030
2042
2471
1957
1918
1362
1214
1054
1346
1195
996
844
1500
2116
1513
1875
959
767
1345
2114
1685
999
1414
913
1226
2054
997
1524
1312
2075
1552
1852
2080
1091
1787
1052
2430
1637
2025
1577
1759
1138
2169
1681
1051
819
1544
571
2021
1137
2419
1273
713
1198
1415
810
2096
2378
2204
1216
1582
1473
1606
1521
765
2298
1178
1318
1584
1017
2041
1007
1985
1310
1971
1801
631
662
1348
1131
1288
2030
2509
1742
1991
2197
2642
837
1629
1242
2157
1397
1382
1603
2153
1812
2084
1308
1555
2213
1307
1950
1725
1717
942
1402
1732
974
1439
2308
1648
1273
2058
864
1337
1030
2196
1381
1238
2264
2302
962
2541
884
2294
1115
1092
1970
732
2674
669
1174
1968
2041
2825
1891
2030
1971
1242
1981
1470
1785
1043
2380
1445
1253
1836
2227
1881
963
1886
2079
1847
1458
1735
1076
1236
1766
2348
1548
1595
1270
2128
1211
1828
1251
1566
1976
1144
1754
1711
1628
1108
1398
2313
1430
1977
959
1624
992
2156
2292
1778
2359
1844
1833
1481
2703
1523
2034
1039
2496
868
1915
1360
1273
1039
1374
1064
2028
1303
2104
959
1913
1475
2161
672
1115
1791
2328
1506
1714
1942
1787
1133
1223
1667
950
2414
1420
2351
588
594
1305
1440
1757
1986
1284
1176
2140
2213
970
1880
2231
1008
943
1043
1016
877
1143
1599
2000
1745
1501
2068
2042
1523
1257
1595
1840
1787
1838
2120
826
2168
1355
1017
1366
1917
